-1.2341853148316+0.00138161886132653i,-1.03277580488434e-06+3.6998309255893e-07i,4.45311755470357e-07+2.48557063167731e-07i,9.47698988347512e-07+5.91917542966391e-07i,2.745326478093e-07-6.18414752559526e-07i,2.67341699410062e-07-1.31348202175863e-08i,-4.69225757024415e-07-4.30337241369427e-07i,-2.03933417649432e-07+3.59596021196062e-07i,-6.15627470446078e-07+2.4446773196074e-07i,-1.26297510318063e-07+4.87907409404964e-08i,1.42732034622006e-07+5.78342542562234e-07i,3.4929303980441e-07-7.71758138992662e-08i,-8.01963340693601e-07-7.88283044353411e-07i,2.94258811359138e-07-2.54170586432012e-07i,5.47317509780668e-07-1.36170436829119e-07i,-9.53030111557063e-07+3.53157379409663e-07i,0.000188376988268596+0.000230277420687139i,-8.41247248395058e-07+1.24061315909946e-06i,-7.22784562931858e-07-1.17831430877791e-06i,-8.88836273187088e-07-8.12947116846097e-07i,-6.79300492623797e-07+6.66297813187817e-07i,-7.57252132301683e-08+1.22167314077493e-07i,-1.5922144269531e-06+2.95845994899985e-07i,5.4146739318639e-07-4.42514618628764e-07i,-9.81133908870696e-07-1.24827361575736e-07i,4.69889607571106e-08+2.9519161490188e-09i,-9.20833229806073e-08+8.13460877921446e-07i,-1.28735443681582e-06+3.26186378463156e-07i,-5.06520396785504e-07-2.22540730093757e-07i,3.19882793194809e-07-1.19984859792144e-06i,8.31116968393053e-07-1.02481605333826e-07i,1.04538639231211e-07-3.47915721440883e-08i,-5.47181189670953e-07-4.7365722876877e-08i,0.00453818591810013+0.00165996952910215i,1.03216701343584e-06-1.07786242357216e-06i,-4.43041557822432e-07-4.29222734972534e-07i,-7.60327579514553e-07-3.84930817221019e-08i,-3.71641795393618e-07-5.03782507731143e-07i,4.33552310719065e-08-4.17665716664906e-07i,-5.93411870010441e-07+2.17404688629018e-07i,0.00542692230031888+0.0121597682140078i,8.30386287912523e-07-2.99381022719064e-07i,1.40235494650075e-07+4.62719373713061e-07i,5.63390211254233e-07-2.44986940244746e-07i,5.34128434245829e-07+7.12972305916271e-07i,-1.20128293333577e-07+6.22542581846242e-07i,6.89419137573505e-07+6.51685402933036e-07i,4.93219992903082e-08-1.14253869004221e-07i,-1.01271904091177e-06+6.63958036085932e-08i,-1.03598726967219e-06+9.00034477353123e-07i,9.407006158757e-07+7.43600850699154e-07i,-1.73440421025184e-07-2.8529324389015e-09i,7.33389010687535e-07-2.18284629899257e-07i,-5.26855046747206e-07-1.11555688868739e-06i,-3.38786322004805e-07-9.77723769848837e-07i,-6.44341989115577e-07-3.04433070814902e-07i,-9.20723228690218e-07+6.29591057726021e-07i,-1.40281164553308e-06+8.92819091616315e-07i,-7.27571475308761e-07-3.83197139096347e-07i,1.83167068061596e-07+2.09249446534538e-07i,4.9822213160633e-08-2.35991082994658e-08i,1.43084347398181e-07+1.51842675346486e-07i,-6.15663050118533e-07-3.86662387281966e-07i,-1.12681908006132e-06-3.23229229513833e-07i,5.90124601226871e-07-2.90207519380165e-07i,-1.36716553240587e-06+8.66488546323596e-07i,-1.0150938027087e-06+6.00095635384934e-07i,-0.00733731954850355+0.00301604497849053i,9.85771687734768e-07+2.20178536246979e-07i,-5.60523150280184e-07+7.09963989958817e-08i,7.37883620824734e-07-8.60641763640591e-07i,2.61800860754113e-07+8.98730185064367e-08i,6.3537002897851e-07-1.89519659229975e-07i,-8.92050100384512e-08+3.6344674422123e-07i,9.91638247894305e-07+9.09613565719392e-07i,6.23552049473786e-07-3.68560411578844e-07i,8.3674823388169e-07-3.86928807379755e-07i,-2.36439756158818e-07-7.20627984163863e-07i,3.9150326494662e-07+2.69033526224122e-07i,6.52753173409348e-07-4.01680024381124e-08i,0.0278775774962568+0.0146899376095486i,1.66681857490837e-07-8.43202331797521e-07i,3.64025596274326e-07+1.16915547114776e-06i,-1.7995573364793e-08+2.29171612534107e-07i,1.09419764260377e-06+2.26158225518497e-07i,-0.000473687963310116-0.00050092327548875i,0.0109605980288811+0.00483502264756315i,-6.09367351557533e-07-6.83144404888675e-07i,-4.78322209596614e-07-4.37701159254622e-07i,2.92282116353543e-07-2.70172913145739e-07i,-2.79757154591359e-07+2.54868480122766e-08i,-5.43052229559637e-07+1.54525521487911e-07i,-5.71378252475774e-07+1.46614133084144e-07i,-7.40318069666901e-07-9.32039709120036e-07i,-7.16430171576743e-08-6.10154240673899e-08i,-4.7354225438806e-07+1.6451634200082e-07i,-0.000468660708961139-0.000927577154823436i,-7.9271856957136e-07+5.20198621109524e-07i,-1.9626182576251e-08+8.64964232807908e-07i,-7.92111228866289e-07+8.30170481004588e-08i,-0.0245037934939592+1.47775939834498e-05i,-7.96179036942346e-07-7.50080052305813e-08i,-2.21977823136599e-08-8.60922214383081e-07i,-7.95165025352373e-07-5.14643354343394e-07i,-0.000450824721244133+0.000893836016788749i,-4.73689394132892e-07-1.58922878037981e-07i,-7.24796264395255e-08+6.72400579729282e-08i,-7.37064481594329e-07+9.39846978651425e-07i,-5.72276951367121e-07-1.40016177264425e-07i,-5.46595194632436e-07-1.47924549834949e-07i,-2.81450410571232e-07-2.18764607874157e-08i,2.93139540301357e-07+2.74940033061135e-07i,-4.74867956352931e-07+4.43438827954154e-07i,-6.05111334282815e-07+6.91043355935742e-07i,0.0109497882231626-0.00488224865242279i,-0.000462072181905311+0.000489212540871543i,1.09134242749082e-06-2.26637022402582e-07i,-1.8585189880127e-08-2.24378220226029e-07i,3.59952873722758e-07-1.16518027979198e-06i,1.67678652601699e-07+8.47862567023017e-07i,0.0278390512595698-0.0147836654379475i,6.54572890314829e-07+4.50430069701135e-08i,3.87409941123712e-07-2.63996263414126e-07i,-2.35528029433885e-07+7.25724756310553e-07i,8.40494903557587e-07+3.92407232107511e-07i,6.24692507576741e-07+3.74326270560082e-07i,9.908139697902e-07-9.08224758794027e-07i,-9.11299872841977e-08-3.59009363050389e-07i,6.33319969689516e-07+1.9294350784866e-07i,2.6256464840356e-07-8.56412636432435e-08i,7.40101478192978e-07+8.64947794686211e-07i,-5.61186451673162e-07-6.51551530827035e-08i,9.88944715996781e-07-2.18862660992733e-07i,-0.00734673166758458-0.00302321344341063i,-1.01436239172137e-06-5.93257405784309e-07i,-1.36834987048921e-06-8.61709289838239e-07i,5.84895882858871e-07+2.97966016344839e-07i,-1.12468808981941e-06+3.31922163528814e-07i,-6.12752360823476e-07+3.94481674078143e-07i,1.43114936616839e-07-1.47631074726151e-07i,4.73203115884321e-08+2.96380579271546e-08i,1.82644588921782e-07-1.98696305901691e-07i,-7.21057209887403e-07+3.89858895194495e-07i,-1.40777673554582e-06-8.88070611881897e-07i,-9.26734713233013e-07-6.21685008339243e-07i,-6.41842096037876e-07+3.10083535230276e-07i,-3.38325286588365e-07+9.80845976662238e-07i,-5.25222205310927e-07+1.12283661417301e-06i,7.39937525260151e-07+2.19798723747819e-07i,-1.72201316027756e-07+1.05174565524823e-08i,9.36044950817366e-07-7.41478491491721e-07i,-1.04050269322808e-06-8.93957329037298e-07i,-1.0096424774772e-06-5.47711889696545e-08i,4.98948943931932e-08+1.17630361090582e-07i,6.83523308704008e-07-6.49266497350365e-07i,-1.20385711784715e-07-6.15160767512835e-07i,5.31218611949519e-07-7.04815842642384e-07i,5.6686720718846e-07+2.50659421302535e-07i,1.40333224441999e-07-4.57856181867305e-07i,8.29222428389009e-07+3.01107300454406e-07i,0.00539924656259146-0.012187807191256i,-5.90933156151708e-07-2.14023635834726e-07i,4.80293355668501e-08+4.24842624781319e-07i,-3.76835134201225e-07+5.13088602344808e-07i,-7.64753254516373e-07+4.04624621690164e-08i,-4.36693937106271e-07+4.33996272520415e-07i,1.03785251723276e-06+1.08417156236863e-06i,0.00457300945883305-0.00169490290401994i,-5.48335263958477e-07+5.05134899082826e-08i,1.09853639780264e-07+3.86458894590519e-08i,8.29316862328844e-07+1.07588304585661e-07i,3.16609573017268e-07+1.20066299410387e-06i,-5.0456326894377e-07+2.33901691529259e-07i,-1.28822041561838e-06-3.14957222611462e-07i,-9.13880472998285e-08-8.09855940933635e-07i,5.15918916685343e-08+3.28664731541473e-09i,-9.84017724674907e-07+1.28685313233526e-07i,5.39811594618689e-07+4.46139362491466e-07i,-1.59269170826523e-06-2.86792333372907e-07i,-7.72129259835053e-08-1.16654380932779e-07i,-6.80214787801559e-07-6.57562203699655e-07i,-8.83489822519484e-07+8.23055070077461e-07i,-7.23317356277758e-07+1.18609820460788e-06i,-8.45011414892655e-07-1.23802997439165e-06i,0.000189451361469951-0.000233986877986939i,-9.55503584325681e-07-3.41094332103817e-07i,5.47354701872088e-07+1.40830724935925e-07i,2.99639901439608e-07+2.56839036538725e-07i,-8.02112587128256e-07+7.9686094091834e-07i,3.47224107199312e-07+8.44402490256246e-08i,1.42945808204176e-07-5.74938685551744e-07i,-1.275952136396e-07-4.56603620017926e-08i,-6.18925147435195e-07-2.33255115746761e-07i,-2.04047849568234e-07-3.52128368213966e-07i,-4.65505075555872e-07+4.33301957002141e-07i,2.65246925871404e-07+1.58900740100665e-08i,2.74634301061089e-07+6.20709653153736e-07i,9.49435892742129e-07-5.89802519396915e-07i,4.47075230346899e-07-2.42398713319429e-07i,3.0716415531408e-07-3.62387918906942e-07i
-1.17990116483599e-20-4.45489275871339e-21i,-1.11800248932703e-20+6.59751950071006e-22i,3.84397623255752e-21+4.70351970528896e-21i,7.1793727258114e-21+9.35917289319624e-21i,4.61464679926494e-21-5.17144050139882e-21i,2.94723672516018e-21+4.3994170801755e-22i,-3.27207432288258e-21-6.3478082491492e-21i,-1.91536242501341e-21+4.15763027474503e-21i,-6.79596865537986e-21-5.34047827715636e-22i,-1.09272383046671e-21-2.08598406720654e-22i,7.78611498726948e-22+6.08870455929977e-21i,3.09851639234994e-21+4.7983107165455e-22i,-5.20739018395725e-21-1.01856422112755e-20i,3.56675298862667e-21-1.99677075844085e-21i,5.24614717279389e-21-7.24198488853994e-22i,-1.11358279004908e-20-8.24045673495819e-22i,-8.34189425023557e-21-1.99288443745142e-20i,-1.33236544074228e-20+1.05678297907633e-20i,-2.93717530875848e-21-1.35595327538361e-20i,-6.51440563451786e-21-1.21678579133875e-20i,-8.66235435239452e-21+4.70881430812814e-21i,-2.45852043119333e-21+6.11574025034968e-22i,-1.68563987233337e-20-2.44815997018461e-21i,7.88080985083999e-21-2.36072220494303e-21i,-1.00551929533579e-20-3.46016889140763e-21i,3.38671467226481e-22-8.20035174371949e-23i,-3.8722578475325e-21+7.90789833219076e-21i,-1.34650110319279e-20-8.52591570956128e-22i,-5.20650518872842e-21-4.66863391401972e-21i,6.39331271679945e-21-1.03161087895317e-20i,9.38485330879119e-21+3.32689309895567e-21i,1.65926896629082e-21-7.47413043295062e-23i,-6.17737321970754e-21-1.85229289453924e-21i,-1.63257632191017e-20-1.28134215143688e-20i,1.47053138148228e-20-6.94152351236934e-21i,-4.07265526703118e-21-5.7058450633507e-21i,-8.07852809993853e-21-3.53141740529798e-21i,-1.91809559949115e-21-6.60578224712505e-21i,1.72144909605823e-21-4.00470712466731e-21i,-6.10249898112036e-21-1.46898604407308e-21i,-3.78406101441031e-21-1.76294622445825e-20i,9.61063226244124e-21-8.01619931536387e-22i,1.82769802199675e-22+5.04624151850899e-21i,7.32049075601332e-21-1.06690491094402e-21i,2.51884000597268e-21+8.84533797907696e-21i,-2.99690879524626e-21+6.34818180530151e-21i,4.00814041405771e-21+9.28819104093013e-21i,8.66305849977093e-22-7.8911432351072e-22i,-1.05271196548933e-20-3.2447980781285e-21i,-1.3761785429694e-20+6.74443843198775e-21i,6.56023667582233e-21+9.86326672841961e-21i,-1.95838714194846e-21+1.97038815236764e-22i,7.73207218263675e-21+5.67750657148953e-22i,-1.92416622656908e-21-1.28758629137259e-20i,1.37474836524723e-23-1.2686919687783e-20i,-6.0865656155516e-21-6.1006985129157e-21i,-1.07662466680615e-20+4.43303892296123e-21i,-1.74903236802822e-20+4.91245061696715e-21i,-7.2253569373338e-21-4.9988918439016e-21i,1.66929456507033e-21+2.07378181187134e-21i,1.59144353072017e-22+8.08726681242604e-22i,1.55327180100651e-21+2.45449472526933e-21i,-4.73855062188754e-21-6.2999876364884e-21i,-1.04453954015895e-20-7.22566638569862e-21i,7.3169173166023e-21-3.54685898438182e-22i,-1.66184918868352e-20+5.0986347381606e-21i,-1.16403687004071e-20+3.59308414596183e-21i,1.92472713621134e-20+7.1390234411215e-22i,9.27615884124521e-21+5.23742846131901e-21i,-5.6284469873114e-21-1.55653521139056e-21i,9.63918244148203e-21-6.92390074767401e-21i,2.74233385430271e-21+1.62599634844036e-21i,6.42545420599704e-21-3.99386272104499e-22i,-2.015892811715e-21+2.83040583452623e-21i,6.51722651356685e-21+1.25964568498473e-20i,7.3118668946951e-21-2.06798277247286e-21i,1.05722551430547e-20-1.72355031884762e-21i,-4.6185525273228e-22-9.24212028877266e-21i,4.21720453927137e-21+4.1989383734892e-21i,6.85789242150594e-21+1.21980153082248e-21i,-1.15222852358591e-20-8.43092886820991e-21i,3.87963900009451e-21-8.35033883823201e-21i,3.09905103724099e-23+1.30683264901266e-20i,-2.35850061223269e-21+3.37591712460929e-21i,9.92160126133914e-21+5.06752827965141e-21i,9.81042007932783e-21+1.79469582964922e-20i,-1.67748557318366e-20-1.33050893120675e-20i,-5.14737243948998e-21-9.09294608852805e-21i,-3.99874385974628e-21-5.88832987805792e-21i,3.75912416180156e-21-1.24332987590008e-21i,-3.06703942445974e-21+2.14202507428956e-22i,-6.58300475405011e-21-9.52443488504585e-22i,-5.63776836605589e-21-1.17915528129402e-21i,-5.24696676841184e-21-1.17179515002272e-20i,-4.9231344468184e-22-9.3227427054241e-22i,-4.1343015830745e-21-5.04247761391647e-22i,3.9443313803186e-21+2.11115421352596e-20i,-1.00271267474721e-20+2.68728951355783e-21i,-3.39339822006111e-21+8.35448904494859e-21i,-8.36310647723239e-21-1.69161731083307e-21i,2.16163097384539e-20+7.36439519237575e-21i,-7.87246579077441e-21-3.27253127193196e-21i,1.87525202493326e-21-8.82015476120562e-21i,-6.34267919979247e-21-7.96167256988474e-21i,1.50450651457683e-20-1.50061234719449e-20i,-4.14474968707176e-21-1.80674729457149e-21i,-7.28019593639081e-22+8.23682621902187e-22i,-1.11012990148861e-20+6.83898357350831e-21i,-5.64422887918072e-21-1.78988802586977e-21i,-6.36797792321e-21-2.58537101589556e-21i,-2.67005896817482e-21-1.46905622150392e-21i,2.34196111044257e-21+3.08717469269034e-21i,-6.39495314378107e-21+2.39367071983405e-21i,-9.35970258263464e-21+4.60259972510731e-21i,-2.07886861319275e-20+1.46376565404027e-21i,1.7660803595885e-20-9.66788101467235e-21i,1.11376837350207e-20+1.40851263715095e-21i,-7.49369922281412e-23-4.1574994478074e-21i,7.02984585209894e-21-1.10342624154455e-20i,-1.60542960503456e-21+8.83774721546801e-21i,-1.34157803341223e-20+4.45998141724343e-21i,6.09488877776196e-21+3.27592477672422e-21i,5.51747620820211e-21-9.80882737205269e-22i,-5.72634896099893e-21+7.75090681232784e-21i,7.5539516965315e-21+7.87573305085077e-21i,4.73465455917326e-21+6.17161235860054e-21i,1.23115014619031e-20-6.88975695913283e-21i,-1.02244582708276e-22-3.84250128119602e-21i,4.87190529480743e-21+4.06797658768283e-21i,2.95060566555503e-21+2.23791141229673e-22i,4.46894206160853e-21+1.13953291409506e-20i,-5.51417713099874e-21-1.39479276867649e-21i,1.09817809105376e-20+8.87550093166137e-22i,1.80589513287114e-20+1.08632463223083e-20i,-8.37048004016368e-21-9.92613943467111e-21i,-1.10456497662913e-20-1.31410896852791e-20i,5.55086785150132e-21+4.40385736075496e-21i,-1.28782893125815e-20+8.37802355366989e-23i,-7.82862485253015e-21+2.50678493194085e-21i,2.44242334071589e-21-6.9836581899994e-22i,9.53493787957413e-26-6.67011948688997e-22i,2.34726295673483e-21-6.42969095219423e-22i,-8.45582451602457e-21+6.66677577543685e-22i,-1.0829946158077e-20-1.4757271669035e-20i,-6.47926277328184e-21-9.84468425814799e-21i,-8.13997037071274e-21+1.39256096249109e-21i,-7.30075669121115e-21+1.01744852499542e-20i,-9.27254351439362e-21+9.50645416486632e-21i,6.5148467821612e-21+3.98578408206992e-21i,-1.59155408158165e-21-1.38398826971762e-21i,1.12273007371324e-20-3.45015891783695e-21i,-7.74404903170247e-21-1.31303337900079e-20i,-1.12282760845418e-20-3.31117992095116e-21i,6.89870067107529e-22+1.415281614249e-21i,8.38219648605153e-21-5.43557442031865e-21i,8.22288277901153e-22-7.23780763446148e-21i,6.81363566676039e-21-5.97212241353292e-21i,5.09009600620046e-21+5.26543755672356e-21i,2.72966574091138e-21-4.71176953534305e-21i,6.83877711851198e-21+6.11939364118101e-21i,-1.11654264660209e-20+1.34656086193659e-20i,-5.84943753870848e-21-2.72370508967786e-21i,-5.18307340967558e-22+4.29664241640305e-21i,-5.80671987967034e-21+4.27414598634742e-21i,-9.01973480486683e-21-1.41156618389217e-21i,-6.95948476224499e-21+2.00932430527335e-21i,7.8342522775514e-21+1.3846479871332e-20i,-2.09067825544288e-20+1.60488859478595e-21i,-5.88299671539186e-21-1.71283119673203e-21i,1.00947884188908e-21+1.20057656552062e-21i,9.57368446272263e-21+3.19714031003946e-21i,-2.48188239456928e-21+1.28468183140588e-20i,-5.67324370713041e-21+6.26478301734895e-22i,-1.08261637098208e-20-6.77848973958973e-21i,1.82302565712418e-21-8.94941323535127e-21i,8.72725856796214e-22+2.4428589029092e-22i,-9.77967165879716e-21-2.54512275529794e-21i,5.11788192149426e-21+6.74135690358849e-21i,-1.55588853695168e-20-7.91674849152181e-21i,-1.36988767044621e-21-1.83463777056806e-21i,-4.56615229732567e-21-9.35225507904268e-21i,-1.18408811670995e-20+6.18979977973008e-21i,-1.00534455073436e-20+9.69355979762153e-21i,-4.86893885233361e-21-1.58938376498692e-20i,-1.80059691948579e-20+1.16212829322989e-20i,-9.86813704961633e-21-5.71975127772186e-21i,4.22497513919297e-21+3.14977148428282e-21i,2.19364596385461e-21+3.61337272253812e-21i,-1.0183393075761e-20+5.71291835620568e-21i,3.31980407036564e-21+1.38425593708025e-21i,4.28432509016891e-21-4.39230348764412e-21i,-1.16936801838179e-21-3.09693420191604e-22i,-6.26238386601762e-21-3.5577909400306e-21i,5.37717508530449e-22-4.10901368982931e-21i,-6.34832531561428e-21+3.44613954496174e-21i,2.6429950612522e-21+1.06105222401867e-21i,9.73614334396792e-22+6.79395038603147e-21i,1.12822800483133e-20-3.59046259758673e-21i,5.74597825668714e-21-1.74813705431596e-21i,4.81776293303121e-21-2.49608774853967e-21i
7.42607626092193e-22-6.56338040148614e-22i,1.11980380494977e-21-5.46185705387484e-22i,-5.9443371955586e-22-3.22306451071915e-22i,-1.14367192878185e-21-6.54761346306117e-22i,-2.56139958904118e-22+7.26118150469979e-22i,-3.19763875539778e-22+7.20444282977255e-23i,6.12177991053587e-22+5.14550501478212e-22i,2.34139654910568e-23-4.97398470163703e-22i,7.34378726021178e-22-2.43266669839316e-22i,1.25320437475964e-22-2.10729529668404e-23i,-3.49449986045779e-22-5.89563115923545e-22i,-3.58166794525306e-22+7.85869276558808e-23i,9.75916088055728e-22+8.31943275027692e-22i,-2.92590632035974e-22+3.53270460679206e-22i,-5.17320872024801e-22+2.81910139757496e-22i,1.18948234512795e-21-3.99852703533294e-22i,1.7124059053295e-21+1.68750029655191e-21i,9.10284860284761e-22-1.64943704560489e-21i,8.81798366559065e-22+1.27395098014588e-21i,1.1819501494632e-21+9.61173588464731e-22i,6.96428088720319e-22-8.78080876985324e-22i,2.15403454700162e-22-1.70839207643386e-22i,1.85317895234912e-21-4.86808934032129e-22i,-7.12004993446986e-22+5.92330835942844e-22i,1.16472693546376e-21-6.96069850441254e-23i,-5.15336517951014e-23+1.58605259583604e-23i,4.25449925958084e-23-9.94063662774598e-22i,1.39609639056228e-21-4.9425718165975e-22i,6.96095008744246e-22+2.34862096273439e-22i,-1.57044301117649e-22+1.37512721928193e-21i,-1.11334814992747e-21+8.07994944438171e-23i,-1.57073012656424e-22+8.64711257730254e-23i,7.0438912641438e-22-6.82540812172049e-23i,2.23845929493458e-21+6.30655008777969e-22i,-1.20139189510303e-21+1.33929164350414e-21i,6.81543347622396e-22+3.99232615387942e-22i,9.92776259360689e-22+2.75429626106744e-23i,4.96137110820077e-22+5.95238639740162e-22i,-1.478207568715e-23+4.8155758026085e-22i,6.95837167855322e-22-1.28747034638858e-22i,1.07560458680046e-21+1.68426432573698e-21i,-9.33828516196688e-22+5.00087639982174e-22i,-2.21437966034974e-22-5.34448277500588e-22i,-6.96666712044134e-22+4.3290192191457e-22i,-6.30658855676977e-22-8.07533026349731e-22i,4.72424397663003e-23-7.93067619778557e-22i,-8.07489758589768e-22-7.85269494256453e-22i,-7.18562684375773e-23+1.23287264254797e-22i,1.24866949866368e-21-1.17996634614867e-22i,1.13247306169958e-21-1.27837738807793e-21i,-1.11645089272971e-21-7.0326207535882e-22i,1.96598176286997e-22-1.10493468947241e-22i,-8.12646131688054e-22+2.76353297971396e-22i,7.65084334119673e-22+1.24321801539469e-21i,5.4951608876871e-22+1.2976013102829e-21i,8.79846383264515e-22+3.55992884021752e-22i,9.20751200926226e-22-9.23870734344174e-22i,1.56709352457845e-21-1.29155926176909e-21i,9.44696117895838e-22+2.22149197261018e-22i,-2.55080854273751e-22-1.39673489682056e-22i,-3.11679405243275e-23-7.68543195352364e-23i,-2.60673810048221e-22-1.70161664631945e-22i,7.71232157504575e-22+4.44698483669452e-22i,1.3927524893647e-21+2.95410276759131e-22i,-7.30881686630633e-22+3.49479960490193e-22i,1.49624549113265e-21-1.22221180462955e-21i,1.0756458972641e-21-8.78529933690656e-22i,-2.08414421815391e-21+7.55211445495129e-22i,-1.19154712150302e-21-1.46502827313698e-22i,6.41947871984698e-22-6.61070148678308e-23i,-7.11841388211448e-22+1.12978022505976e-21i,-3.44050008849214e-22-4.91200664569763e-23i,-6.39721560648679e-22+3.20593781862553e-22i,8.96301988627476e-23-3.91827557620211e-22i,-1.20490968817211e-21-1.02346858468887e-21i,-6.61717409532586e-22+5.3665636678368e-22i,-1.0107223091756e-21+6.47091100954961e-22i,4.45526594883146e-22+9.44852752027133e-22i,-6.05338511378583e-22-2.47902229302438e-22i,-7.52548915758728e-22+1.82391629040359e-22i,1.50047540635682e-21+5.22132692308965e-22i,-3.63311872239436e-23+1.01666416428276e-21i,-5.4972280690666e-22-1.35340169873856e-21i,9.84850982092496e-23-4.52580392617276e-22i,-1.24370689053685e-21-9.71551654802774e-23i,-1.75809663351555e-21-1.43848084876621e-21i,2.28450079469302e-21+6.50756323912439e-22i,9.20102435692752e-22+7.12981662506857e-22i,6.59302521397227e-22+4.24106080579162e-22i,-3.3101609553033e-22+2.8566625554641e-22i,3.11565601054824e-22-1.3851342572735e-22i,7.28812283356498e-22-1.72103436050563e-22i,6.38914062061587e-22-1.05439223595372e-22i,1.04819959582071e-21+9.84574393568381e-22i,8.08494700860734e-23+8.23991437458946e-23i,4.61870847903005e-22-1.20126919309081e-22i,-1.30831266997558e-21-1.9986627767758e-21i,9.02576782003737e-22-7.14737221764982e-22i,-8.56626097806759e-24-1.00743327620229e-21i,9.32737270114029e-22-1.85163677682954e-22i,-2.55211201995222e-21+2.01824372941511e-22i,9.5245900447648e-22-1.33687035190638e-24i,1.84498863662851e-22+9.8762133863138e-22i,1.00788652581338e-21+5.37447430351739e-22i,-9.08469298981133e-22+2.19978358181252e-21i,4.91340559627583e-22+1.6282600954567e-23i,5.08519610030035e-23-1.10693560969701e-22i,8.45272578958212e-22-1.17673915792558e-21i,6.53411884886754e-22-4.19971135495677e-23i,7.59543429506299e-22+7.10594891063267e-24i,3.3614942768082e-22+5.2830327639042e-23i,-3.76731130665737e-22-2.20743075105708e-22i,5.58817787768716e-22-5.32791078794012e-22i,7.65794844971383e-22-8.78276636620789e-22i,2.1031654497974e-21-1.05174964093645e-21i,-1.42968835289402e-21+1.74854080414742e-21i,-1.20354507516834e-21+3.30788294620389e-22i,1.84171507754253e-22+4.21618023160755e-22i,-2.66560081415844e-22+1.43273530827124e-21i,-2.21254856289152e-22-9.87294123833712e-22i,1.29097850504687e-21-9.15220852744646e-22i,-7.718586543004e-22-6.11689102378665e-23i,-5.34810169864502e-22+3.4361892092229e-22i,2.57950228598646e-22-1.03155132739016e-21i,-1.1167028328224e-21-4.70759729080952e-22i,-7.53050455487033e-22-4.21836687737179e-22i,-9.80890131987036e-22+1.23320511793306e-21i,1.69353349205875e-22+3.78580196752939e-22i,-6.81181320516197e-22-2.04973122488175e-22i,-3.21410621695183e-22+1.05755749011984e-22i,-9.33591799727387e-22-9.81957743174058e-22i,6.34994419469032e-22-7.88342303009689e-23i,-1.15913659245267e-21+3.72750380103193e-22i,-2.26526504915507e-21-3.5595036707337e-22i,1.25674940560142e-21+6.60197736658491e-22i,1.70167420843537e-21+8.95526083478678e-22i,-7.67969327132192e-22-2.15207235387407e-22i,1.31641417976471e-21-5.60662914506915e-22i,6.85916615090346e-22-5.92320185684262e-22i,-2.22856713098351e-22+1.92706145910329e-22i,8.68338170781999e-24+7.21534042411942e-23i,-2.18992044496934e-22+1.70459502461679e-22i,8.59325407063236e-22-4.17782965924317e-22i,1.76563593381161e-21+1.01608875366132e-21i,1.08696434545626e-21+7.30779639017961e-22i,7.85493307242312e-22-5.04970965121772e-22i,3.06909445974941e-22-1.36990682729421e-21i,5.33000557102099e-22-1.37445810256846e-21i,-8.49681754038853e-22-1.2621872671267e-22i,2.18309178024576e-22+6.86912942263453e-23i,-9.85998988439547e-22+8.64675969458604e-22i,1.35831820591226e-21+1.02781880031548e-21i,1.27339926542773e-21-1.3634466790463e-22i,-1.14851321319707e-22-1.14738358391064e-22i,-6.34208665183369e-22+9.19471569440472e-22i,2.12584028699591e-22+7.7189980724318e-22i,-4.5461964414388e-22+9.05002611140424e-22i,-7.59267130784686e-22-3.12651758181926e-22i,-9.72536824405412e-23+5.83274937995564e-22i,-9.86744612343039e-22-3.27693010431655e-22i,6.53609394784651e-22-1.85914327612897e-21i,7.11550671058251e-22+1.28597485749689e-23i,-1.22691386756482e-22-4.70957791139398e-22i,3.98909404701864e-22-6.88662791547517e-22i,9.82903065492e-22-2.29327432678733e-22i,6.10325339221399e-22-5.15614224638552e-22i,-1.41813325564675e-21-1.09368766647299e-21i,2.08458269291711e-21-1.05241643840041e-21i,6.91783246538207e-22-7.30929529167493e-23i,-1.64610874872985e-22-7.11595878210037e-23i,-1.11544518276423e-21+1.0030601339178e-22i,-3.46898544445912e-22-1.38187277696787e-21i,5.93210548304241e-22-3.37013184208958e-22i,1.43236535809955e-21+2.24356776757838e-22i,2.10273154779313e-22+9.83693292945413e-22i,-8.16808320579221e-23+1.16286391377913e-24i,1.13680661104335e-21-1.56203958722719e-22i,-8.13042755353299e-22-4.64053466190485e-22i,1.92720041118259e-21+1.35145523047848e-22i,2.30761243223532e-22+1.25892282224535e-22i,8.61402492523976e-22+7.47975770141101e-22i,9.625884292761e-22-1.15990211796279e-21i,6.2299579379118e-22-1.42732202370616e-21i,1.19450439641128e-21+1.43689858973968e-21i,1.3562051855771e-21-1.9771105089668e-21i,1.25323585330744e-21+1.61003096971108e-22i,-5.66028960055983e-22-1.62325649477447e-22i,-3.71193158863354e-22-2.85554830268606e-22i,8.0233757156112e-22-1.01797449076904e-21i,-3.84439044977042e-22-8.95726816380422e-24i,-2.43727627694364e-22+6.38950306288129e-22i,1.31008022242612e-22-1.30535948227803e-23i,7.84884020978805e-22+9.31024261675985e-23i,1.19391474943401e-22+4.59753205496693e-22i,5.0343460477358e-22-6.25681255953667e-22i,-3.22100039595171e-22-3.79390039316117e-24i,-3.90025469902705e-22-6.62990469620369e-22i,-1.00567238138481e-21+8.54604893841604e-22i,-5.20561753879422e-22+4.24483991060564e-22i,-3.86668105005876e-22+4.64830958840158e-22i
1.55853526344102e-20-3.79256714811204e-21i,5.31673681096949e-22+1.05577582140385e-21i,4.19770928425646e-22-5.08464953484225e-22i,5.69880145501069e-22-1.24884079017106e-21i,-6.13291419498727e-22-3.42591890231163e-22i,2.24762586832034e-22-2.91593845031897e-22i,-5.29668438923684e-22+7.42706943588774e-22i,9.70606429277515e-23+2.21117360085597e-22i,5.57967287743718e-22+1.08766404973409e-21i,-1.06784749966177e-22+2.7338165438677e-22i,4.06379877246988e-22-6.25759932781151e-22i,-2.16199696200482e-23-9.91722476056743e-22i,-1.01124705064253e-21+1.12563833548003e-21i,-2.38572023302328e-22-6.77066153299065e-22i,2.57078186796301e-22-8.65072325145797e-22i,6.89457911999048e-22+1.38268634550636e-21i,-1.42504223683333e-21+1.70435467651188e-21i,1.30240626194897e-21+6.20059596340511e-22i,-1.36319116736743e-21+8.62255422374287e-22i,-5.73686438204075e-22+7.92691289592459e-22i,1.66699854567332e-21+7.57081716400347e-22i,1.90293601058876e-22-1.94309948755988e-22i,1.12839261478891e-21+2.17427073384885e-21i,-9.95677010347393e-22-6.90333981654117e-22i,-1.57670481996066e-22+5.57266593818758e-22i,1.27305446505958e-22-7.6539526955701e-22i,1.36472572775915e-21-6.18680356568275e-22i,5.59155021361043e-22+4.50773482453061e-22i,3.25120465589596e-22-7.67578681460511e-22i,-2.3434808453742e-21+2.06955739261762e-21i,-8.1755557579523e-22-1.13553051881065e-21i,-2.93748998052433e-22+2.4937996575829e-22i,-1.46433104968268e-22+3.70587452043787e-22i,-8.28846276847345e-22+2.51157585760803e-21i,-1.10998422296223e-21-6.86829963862369e-22i,1.58970561947001e-22+1.22346494817114e-21i,-2.88920846198815e-22+1.34788576637567e-21i,-4.29674587684188e-22+1.01925359444549e-21i,-3.88479836722403e-22-3.39642177352854e-22i,7.75702678076234e-22+7.30837204979577e-22i,-2.85982733560176e-21-1.23818338050988e-21i,-5.87553443300761e-22-1.97899852443629e-22i,1.34160236191637e-21+1.01155877491153e-22i,-6.97758507963005e-22-2.74266128979034e-22i,9.7714367840025e-22-4.1412312663903e-22i,1.225315169257e-21+3.49492120010548e-22i,8.07453274919632e-22-7.10083793924236e-22i,-3.74160082347266e-22-5.7754005534447e-22i,3.15875585537768e-22+2.09939563386832e-21i,1.12964737670442e-21+1.26533343276426e-21i,-4.48675823595053e-22-1.5541072394146e-21i,3.3749969324372e-22+2.77492246412281e-22i,-3.68709423457829e-22-5.31523968708045e-22i,-1.13541910989711e-21+1.29783299356711e-21i,-9.20470723706754e-22+7.81586861080171e-22i,-3.44306234915468e-25+5.43938562418444e-22i,1.16300997822728e-21+9.32880732569856e-22i,2.4027918898942e-21+5.42039584051126e-22i,-8.16981351870337e-22+5.94386621197949e-22i,9.45193253774664e-23-7.4248209417861e-23i,2.0643851804549e-22+6.15014115615818e-22i,-3.24683526264859e-22-3.54782023249013e-23i,-3.22361061718301e-22+1.22499570786302e-21i,-1.89649663319088e-22+1.63374181871404e-21i,-2.98078178243733e-22-4.77667413841888e-22i,7.89929335427942e-22+1.66281360443523e-21i,1.40543254618764e-21+2.00407325777774e-21i,-1.32595946030678e-21-4.27062334223019e-21i,2.03324624591618e-22-1.60801203027987e-21i,-4.2916268747599e-22+5.80474215593387e-22i,-1.36530102472676e-21-1.19175409505305e-21i,5.8230554882439e-23-8.83865092594676e-23i,-4.47929180019869e-22-4.40197123786161e-22i,8.74628293686417e-22+1.15423254745587e-22i,1.21028478158718e-21-1.03793890694033e-21i,-8.80642561170246e-22-5.20296347723739e-22i,-1.19104099000512e-21-7.73312565401979e-22i,-1.3434171172841e-21+6.03439206756977e-22i,1.47057265197119e-22-2.97186457825501e-22i,-6.45270687330026e-22-4.8073765006254e-22i,-5.43121378734456e-21+2.46562763376654e-22i,-6.93165720531934e-22+1.11117952869844e-22i,1.69464482046849e-21-1.90229483377533e-22i,5.67515880614913e-22+9.97390279422322e-23i,7.41628032452621e-23-1.40228902555742e-21i,1.84490645375314e-21-1.1271404697946e-21i,-5.46925423171351e-22+1.66135510165409e-21i,-6.02127641166201e-22+9.43973399595721e-22i,-7.2349966956854e-23+4.51964292043483e-22i,-1.65678158056421e-22-2.56163385909419e-22i,-3.40664614187119e-22+5.51456722629562e-22i,-1.62167224019858e-22+1.12388716672759e-21i,-3.23187669640606e-22+9.74779363058518e-22i,-1.03037893892958e-21+1.27458674146159e-21i,-3.81664907147758e-22-1.98861561058627e-22i,4.07879257771804e-23+9.63736554964035e-22i,1.76285965723432e-21-1.23894264881727e-21i,9.25151180620082e-22+3.60772146731548e-22i,1.06435971315357e-21-2.7312269274524e-23i,2.24772335745363e-22+8.8489671969411e-22i,-1.52025115751299e-21-2.27125417827223e-21i,6.33864119488097e-23+1.00767620824149e-21i,-9.5756745837729e-22+1.82275873348418e-22i,-1.03937564449873e-22+1.41518037681908e-21i,-2.52094180215662e-21-8.78422619548247e-22i,-3.27005699255371e-22+1.03525375958031e-22i,-1.37991630363491e-23+4.41986878765458e-22i,1.07272275922113e-21+6.87457906966122e-22i,-4.8846919349104e-22+5.84412959138472e-22i,-4.88081931461573e-22+5.99658123639855e-22i,-5.88694747276797e-22+3.67876543281398e-22i,2.94377491999884e-22-5.14974247888976e-22i,9.59844476045756e-22+5.86948326456654e-22i,9.95852127512762e-22+7.10312325895488e-22i,1.49269547322139e-21+2.67078770354784e-21i,-1.76399536151146e-21-2.21851225890294e-21i,-2.89353150846897e-22-1.09240715060003e-21i,-3.35486138299176e-22+1.36423960682446e-22i,-1.35957466489832e-21-7.50138346241621e-22i,1.23014780642644e-21-5.20194819037434e-22i,-2.72655958675227e-21+4.81587435065137e-21i,-4.77247739646227e-22-8.13209063612844e-22i,-5.95053319646765e-22-7.75605816091627e-22i,6.40090311154646e-22+3.14955832439375e-22i,-1.11248017178453e-22-1.100702630536e-21i,5.99120009788782e-23-7.379013160001e-22i,-1.19445533611737e-21-1.24120539904128e-21i,2.18768277575767e-23-8.01312785355624e-23i,1.77876605829861e-25-8.20685731958983e-22i,-2.25237328239791e-22-5.6027269465871e-22i,1.03159828958367e-21-4.38148724152501e-22i,-3.19952472441333e-22+9.45375121587217e-22i,-1.42336445432532e-22-8.55953082113725e-22i,9.07827876726808e-22-1.60280283233711e-22i,-6.59989899016677e-22+2.31796678935507e-22i,-1.37323747505338e-21+1.82410201881174e-21i,1.44851854513029e-22-1.04399274599515e-21i,5.59366963776602e-22+1.09464825506353e-21i,5.02868727789052e-22+2.47879224144618e-22i,-7.43585831927575e-22-1.88922351359296e-22i,-2.74584237292646e-22-6.19853515744869e-22i,-3.05318886314856e-22-3.61233506763814e-22i,8.31853940190133e-23+1.48098477420177e-21i,4.29358250675017e-22+2.190932460116e-21i,-5.46703682220886e-22+9.97804820150701e-22i,9.99655925802974e-22+9.31723853307344e-22i,1.63737187007467e-21-7.31257609845935e-23i,1.26316554414632e-21+2.48916755464469e-23i,-9.27757246278302e-23-1.0791400818912e-21i,8.75276328147446e-23+4.3037242545776e-23i,-1.69492219736422e-21-7.69221729063591e-23i,-1.25009196736068e-21+1.36253697903139e-21i,-8.8009789462147e-23+4.71711206196669e-22i,1.41477656146808e-22+4.4536011710574e-22i,-9.82055659937108e-22-7.50938736549238e-22i,-5.64995744635888e-22-2.525260628899e-22i,-8.93653413679705e-22-7.3927958666726e-22i,-1.17051024990553e-22-1.03037248744027e-21i,-5.16047624430412e-23-7.70369973268727e-22i,-9.69237692092795e-23-1.622173721333e-21i,2.01954726977855e-21+3.26433766768123e-21i,5.40679066446236e-22+3.90907793161859e-22i,7.25438552633268e-22+1.08026944514397e-22i,6.07821545323094e-22-1.29711420258522e-22i,-1.59374572033453e-22+8.26145931534279e-22i,7.59738042837078e-22-1.1643337061271e-22i,1.07694424347144e-21-2.03593384082745e-21i,7.94599906512692e-22+2.00703279703847e-21i,4.57501968001962e-23+1.1093526127307e-21i,-3.06709176464193e-22-4.2638694007334e-22i,-7.46918799388067e-22-7.75420271669488e-22i,-4.98412859176039e-22-1.8542837752778e-21i,1.54711471451859e-21+1.62144884577886e-21i,2.87688627040325e-22+2.27859591522781e-21i,-3.70319597624948e-22+6.21396400561066e-22i,4.64772323594851e-22+4.72685179821984e-22i,2.60957377490151e-22+1.81436542527402e-21i,1.11346354475904e-22-6.69087326359301e-22i,2.78177837655137e-22+1.40033236891423e-21i,8.40055458208725e-23+5.88817594045809e-22i,-1.05770428922135e-22+4.58154117241955e-22i,1.72939247137444e-21+1.14313876210195e-21i,1.40898805262274e-21+6.96859088015464e-22i,-1.6411614549757e-21+1.65995229738885e-21i,2.28435514975211e-21+1.27296008335529e-21i,-2.18112002360321e-24+9.83158822490668e-22i,8.04081256534039e-22-5.41368918496492e-22i,5.79518312737836e-22-1.009150759319e-22i,8.23817106382213e-22+7.77424038558016e-22i,3.65793612394436e-22+1.24459023283296e-22i,-6.89341013948841e-22+8.10307368700914e-23i,-1.70239523378725e-22+6.57776789892335e-23i,1.01146154560931e-23+3.51756884245955e-22i,-9.22677311311593e-22+1.43604024098114e-22i,5.74516852225926e-22+4.09919316392718e-22i,2.53339822620106e-22-5.01702543346102e-22i,8.23711747009665e-22-3.88694571309465e-22i,-9.15724884658641e-22-8.98785591934975e-22i,-3.97950786605164e-22-6.5957093580806e-22i,-5.05914286585555e-22-2.97263594956299e-22i
-1.03922412630204e-20-1.88617253226758e-20i,-3.95663666347984e-21+3.1745622045516e-21i,2.61732285130318e-21+6.74202412974594e-22i,5.16208707867327e-21+1.63962649350875e-21i,2.77860961000236e-22-3.09437793224312e-21i,1.0490691871544e-21-6.5476322661428e-22i,-2.86434409374454e-21-1.55950632763104e-21i,6.20677602121397e-22+1.97224050468538e-21i,-2.7981757045285e-21+1.37131465258249e-21i,-3.77054404625061e-22+1.41151161687852e-22i,1.96737626091224e-21+2.21715292522588e-21i,1.18680599811153e-21-2.99190343066392e-22i,-4.50026340429097e-21-2.4668404049619e-21i,6.98614770803337e-22-1.48032682377332e-21i,1.42825633987661e-21-1.5091009976092e-21i,-4.48208853610336e-21+2.49737353372764e-21i,-8.48764361238382e-21-5.20122480873569e-21i,-1.98864023822276e-21+7.61296468885097e-21i,-4.61307486968681e-21-4.23082728450937e-21i,-5.86366430866293e-21-2.61356079965723e-21i,-2.39189135089735e-21+3.92338677752092e-21i,-7.96242636728689e-22+1.09514315519193e-21i,-7.2093953199069e-21+3.30166523804586e-21i,2.51938892506541e-21-2.92697149784046e-21i,-4.56638871042391e-21+1.7176515583633e-21i,-3.77030635648772e-23+2.5599864520556e-22i,3.88553778171365e-22+4.27656949861322e-21i,-5.33105513589083e-21+3.7402836126238e-21i,-3.59217989153138e-21+3.90454849861434e-22i,3.74778934317634e-22-6.63411129416195e-21i,4.75132991456665e-21-1.16355994263826e-21i,7.4338419215148e-22-6.68389843290096e-22i,-2.68952707483649e-21+1.1409452887727e-21i,-9.33367133439141e-21-5.02797810098066e-22i,3.53949167650149e-21-6.74649239287084e-21i,-3.26716375477058e-21-1.38613880961395e-21i,-3.74889884488293e-21+6.49839466205587e-22i,-2.49366843606861e-21-2.24135339792407e-21i,-4.96473389182697e-22-1.76820906671856e-21i,-2.99617689029695e-21+9.86771124717202e-22i,-5.83718746783523e-21-4.10953606291144e-21i,3.46141676788993e-21-3.22181068602737e-21i,9.86264636121551e-22+1.57350422842372e-21i,2.61204204448077e-21-2.52987751951073e-21i,3.19018912041516e-21+2.47988426353156e-21i,3.53495464480682e-22+2.93721893301291e-21i,3.92780265800724e-21+2.32913719580797e-21i,2.05091456777813e-22-2.23395316936393e-22i,-4.78610475355304e-21+1.08984968973124e-21i,-3.22829599643986e-21+6.06406478499659e-21i,5.61809413477387e-21+2.26505131399721e-21i,-7.89716822207081e-22+5.23778471527355e-22i,3.08933398751211e-21-1.97195094629501e-21i,-4.11566694162577e-21-4.56225897897113e-21i,-3.52167073739756e-21-4.86362987860255e-21i,-4.08477512877079e-21-5.04696758050381e-22i,-2.94994043682481e-21+4.4500387715178e-21i,-5.88121971305838e-21+6.88648592900152e-21i,-3.7003788017072e-21+2.94152414319129e-22i,1.20512864274792e-21+2.33736273315116e-22i,2.58916132467728e-22-1.06660206487108e-22i,1.51081474166805e-21+4.20711952823227e-22i,-3.44088199959379e-21-1.34351484192749e-21i,-5.80942305229303e-21-6.58699045091261e-23i,2.61094475772821e-21-2.20121023892626e-21i,-4.56271576175152e-21+6.21351913615385e-21i,-3.57027861333942e-21+3.84483852022253e-21i,7.40631384584166e-21-3.7023521726435e-21i,4.74800336746682e-21-2.82088006262774e-22i,-2.23016593292006e-21+9.8323575868246e-22i,1.83280690916642e-21-4.82260879563655e-21i,1.46194466304394e-21-2.60723613008884e-22i,2.36278257256942e-21-1.93841358947345e-21i,-2.61729077173627e-22+1.52244259878098e-21i,5.64542856838719e-21+2.84051793945957e-21i,2.36382284897908e-21-2.73893687805361e-21i,3.77901991682932e-21-3.50465340881738e-21i,-2.37449456309868e-21-3.35351233691005e-21i,2.75105353013371e-21+2.8533629385657e-22i,3.13789675732868e-21-1.46224054905925e-21i,-4.26569245016771e-21+1.46923857337362e-21i,-9.24802859543027e-22-4.22464627694899e-21i,3.30034408807497e-21+4.60597890037631e-21i,-4.64501490982424e-23+1.85999542278424e-21i,5.00847183184923e-21-6.48516474437897e-22i,8.20777204811584e-21+3.67667691176282e-21i,-9.94866410544548e-21-3.73615775912576e-24i,-4.35984544793341e-21-2.03558305785159e-21i,-3.24238281290087e-21-1.04685619930527e-21i,1.00568559807474e-21-1.50227221274083e-21i,-7.97277840917411e-22+7.98944821674774e-22i,-2.47243030868682e-21+1.19558957070051e-21i,-2.13587573858893e-21+9.02631024002672e-22i,-4.98473566179221e-21-3.07776193834276e-21i,-2.89830357589336e-22-3.70914618374588e-23i,-1.57652109633524e-21+6.35700704452528e-22i,7.17491313887398e-21+6.75895489061334e-21i,-3.16890614991416e-21+3.91289273533855e-21i,9.11363124719832e-22+3.993468166835e-21i,-3.56914707878836e-21+1.59867075324853e-21i,1.07640375540482e-20-3.43043341171175e-21i,-3.80719249780806e-21+8.25669955851166e-22i,-1.64541752542222e-21-3.76315594793083e-21i,-4.64675442048765e-21-1.53888039456951e-21i,1.7829799130872e-21-9.52081268228629e-21i,-1.87627852205056e-21+6.61079154629664e-22i,4.95726536080875e-23+2.94660305395976e-22i,-2.26777105930114e-21+5.55192612812069e-21i,-2.27909762237821e-21+9.08226144085346e-22i,-2.79225888734231e-21+8.49124793923686e-22i,-1.08169798678869e-21+1.88676779167222e-22i,1.62803468910333e-21+5.95398677085988e-22i,-1.96785388163215e-21+2.51799173529945e-21i,-2.3230912391506e-21+4.18956544501352e-21i,-7.45286975132399e-21+5.87672262359218e-21i,3.92695087291656e-21-7.81351253672765e-21i,4.48411357348925e-21-2.47663958662948e-21i,-1.17332689633556e-21-1.50287867783298e-21i,-3.85335850972524e-22-5.68271995750746e-21i,1.57499679931478e-21+3.83671782048586e-21i,-1.32644805208128e-21+4.11687344444408e-21i,3.41010066446417e-21-3.22395751682841e-22i,1.90100392827944e-21-1.66437091856487e-21i,1.39732091523467e-22+4.38276155173067e-21i,5.19096472128811e-21+9.7009162407317e-22i,3.57796527911134e-21+1.06195279566306e-21i,2.70198232460665e-21-5.65733156291817e-21i,-1.29022688793925e-21-1.29623020227325e-21i,2.9758480275306e-21+3.16538717715591e-22i,1.19600378402441e-21-5.53883777201778e-22i,4.67448409359163e-21+2.76894588121527e-21i,-2.1652514663954e-21+8.01426987547031e-22i,4.2028574784261e-21-2.75004614910373e-21i,9.51191213473383e-21-2.04936804743959e-21i,-5.80637025275266e-21-9.13474900852206e-22i,-7.28215709550539e-21-1.98245178329833e-21i,3.22993175116101e-21+3.2543994186515e-22i,-4.76725012460883e-21+3.54449300115976e-21i,-2.22946747211617e-21+3.23656661326075e-21i,1.02392077391227e-21-8.71330150815696e-22i,-1.20269128090606e-22+1.12750607852884e-22i,7.60763274142215e-22-7.67276995567022e-22i,-2.71869921139628e-21+2.1653419084878e-21i,-8.64878395255953e-21-2.97248188579122e-21i,-5.10145340599816e-21-1.90725681747889e-21i,-2.90521443141807e-21+2.53608402213289e-21i,-2.02830247953133e-22+5.87496847651114e-21i,-9.1485297246779e-22+6.24969490791247e-21i,3.56231870143441e-21-9.59836187140544e-23i,-1.05421822281644e-21-1.20638622304309e-23i,3.78324258985273e-21-4.6586624597295e-21i,-6.2062007390664e-21-2.8065877993074e-21i,-4.97969825895247e-21+2.18699158988219e-21i,6.63450500289341e-22+3.4604554270534e-23i,1.69696290262065e-21-4.15267163574133e-21i,-1.75516175124697e-21-2.6628230443599e-21i,9.1902621152501e-22-3.853829491192e-21i,3.48193405668033e-21+7.9494038603682e-22i,-5.79017160020333e-22-2.14552904887433e-21i,4.31997006292545e-21+8.48836310347949e-22i,-2.51821588047457e-22+6.62345005601358e-21i,-3.21406471316879e-21+6.57121244130798e-22i,8.2128307803263e-22+1.57935760130371e-21i,-1.02778215405289e-21+3.40658498968741e-21i,-3.51539168027041e-21+1.97270590389939e-21i,-2.2451719840038e-21+2.95083661349327e-21i,6.50440803125238e-21+3.40267651358096e-21i,-7.17214165755194e-21+6.25187843803789e-21i,-2.57799435537815e-21+6.90782252080168e-22i,8.73096030052731e-22+3.5470379026227e-22i,4.77131023091572e-21-1.46537714667689e-21i,3.35695938390626e-21+6.39966252795634e-21i,-2.5052475000895e-21+1.05865821836792e-21i,-6.00003512444063e-21-1.65483398526217e-22i,-1.97991802429811e-21-4.07386569100022e-21i,1.83116321184818e-22-4.82360982168915e-22i,-4.28994779338923e-21+1.25530571896148e-21i,3.87673781261383e-21+1.10095937562641e-21i,-8.12014495418745e-21+1.41566731849049e-21i,-1.07350250880881e-21-5.32795171951106e-22i,-4.54046745990708e-21-2.09913402796568e-21i,-3.04981863094336e-21+5.26278656666593e-21i,-1.15382518568853e-21+6.20036862514748e-21i,-5.83832218665459e-21-4.84016582801963e-21i,-3.77931114763146e-21+9.06925389961142e-21i,-5.27277355723952e-21+6.13144290074683e-22i,2.04781241546706e-21-1.67420230261642e-23i,1.6283313698131e-21+5.87174851881343e-22i,-2.16388728842328e-21+4.82834297616719e-21i,1.44533193059185e-21-6.70653947886908e-22i,4.85825639188169e-22-2.92807010699399e-21i,-4.20989319548617e-22+2.44529361520834e-22i,-3.3509374032566e-21+5.58441010040131e-22i,-6.2927118185352e-22-1.63581698125704e-21i,-1.42421086930527e-21+3.00365464916138e-21i,1.10630516900046e-21-2.28102890530013e-22i,2.06285492955354e-21+2.24474765909644e-21i,3.27655352560478e-21-4.35537426025082e-21i,1.64118080960476e-21-2.08812556046214e-21i,1.15738095626847e-21-2.23879393663303e-21i
5.38310721270697e-17-1.5192214276049e-16i,1.03092345142053e-18+4.37371371362903e-19i,4.80662901218565e-19-9.2106688583887e-19i,9.27260792793874e-19-1.73606741946448e-18i,-1.12860317059446e-18-4.08313537126589e-19i,-8.91720718041804e-20-5.22996242156516e-19i,-7.21055388856698e-19+9.3321601806872e-19i,7.74966966435899e-19+9.23425948761308e-20i,5.03321416441084e-19+1.04846580817192e-18i,4.6610787124895e-20+1.91958581097633e-19i,7.89823285248959e-19-5.22778379675084e-19i,-2.78396689499931e-19-6.0732217077069e-19i,-1.17306445885778e-18+1.53551552200581e-18i,-6.32538659065489e-19-4.72241089265609e-19i,-4.95843074499216e-19-9.08559141057304e-19i,7.16432623914076e-19+1.73299248886914e-18i,-2.50067252552233e-18+2.60354156635089e-18i,2.44473370568837e-18+1.33432592728628e-18i,-1.87755779740113e-18+1.38864377242293e-18i,-1.46078420209915e-18+1.71535993853901e-18i,1.4263700806988e-18+8.65163225066052e-19i,1.81231056553969e-19+2.58395930371617e-19i,8.83314065081971e-19+2.66295365488478e-18i,-9.46790623049492e-19-9.77488917864882e-19i,1.55584312840826e-20+1.77569371802116e-18i,-1.82171335719731e-19-1.59015985703622e-19i,1.3748469669375e-18-8.46594589569543e-20i,6.19029413276755e-19+2.01630038315189e-18i,-6.04541465893837e-19+8.66003849768229e-19i,-1.6597236640715e-18+1.34609470533813e-19i,-2.07630119364606e-19-1.52731111280807e-18i,-6.86583503056665e-20-1.65390295692953e-19i,6.62755108966064e-20+1.0694734189314e-18i,-1.19744597613005e-18+3.95465270976897e-18i,-1.95237130621069e-18-1.79265035772894e-18i,-4.23620719085351e-19+9.29446342169319e-19i,5.90478455503346e-20+1.57447034137718e-18i,-7.54524887908069e-19+7.4776050315582e-19i,-7.89017128040741e-19-5.65217715975889e-20i,2.65776534793032e-19+9.0631173582084e-19i,-4.7293893699575e-18+1.96394634013425e-18i,-6.21407559060472e-19-1.34080530195231e-18i,8.95387613075601e-19-5.33500772144107e-19i,-6.14079659656536e-19-9.69991570822554e-19i,1.25087157233423e-18-1.04306346948597e-18i,1.30432097758626e-18-4.60339779082685e-20i,1.17462088679876e-18-1.2751498306667e-18i,-2.86135521970988e-19-8.94017812276956e-20i,4.23823981271709e-19+1.87910629020832e-18i,2.00124627900453e-18+1.67589923508265e-18i,8.46892200667009e-19-1.48884643022246e-18i,2.25658780562909e-19+2.36884503645016e-19i,-3.75072200220012e-19-1.18869537166154e-18i,-1.72693355466027e-18+1.20511569914837e-18i,-1.86963274112163e-18+8.08244191780902e-19i,-5.5205747142163e-19+1.24754513084153e-18i,1.44807912536428e-18+1.29773152361014e-18i,1.84400511023379e-18+1.99884983742152e-18i,-3.91966462925073e-19+1.5272361523568e-18i,2.31015552655181e-19-3.95749691301936e-19i,2.52609387182433e-19-5.20171105047908e-20i,2.89632064660921e-19-2.65007477207741e-19i,-5.30297041323844e-19+1.16793174483486e-18i,-3.44226499041844e-19+2.08640921513499e-18i,-5.10085071512664e-19-1.09100609970744e-18i,1.9365474983203e-18+2.28869205587397e-18i,1.60927138507139e-18+1.4957094860623e-18i,-1.7815690962026e-18-4.13754238847006e-18i,9.97573709214902e-20-1.84883994964067e-18i,9.06399297157754e-20+1.06804044351891e-18i,-1.85287865161291e-18-1.00313424857127e-18i,1.22000201125756e-19-5.25137457155249e-19i,-4.72807295112267e-19-9.11782067066148e-19i,6.21176985210341e-19+1.82983330877138e-20i,1.54947419144397e-18-1.90550348169589e-18i,-8.42464559596449e-19-9.17329415549605e-19i,-1.00317865108249e-18-1.37341328700607e-18i,-1.40771607238241e-18+7.97612752619269e-19i,4.05446048858726e-19-9.09774283178817e-19i,-2.65329725351218e-19-1.03107842478684e-18i,-4.22539430190961e-18+6.00405271803278e-18i,-1.49073774017142e-18-8.89714822693697e-20i,2.1311969333816e-18-9.69732656689233e-19i,6.65649637595816e-19+9.0904583209471e-20i,5.44655262237039e-20-1.8953513821698e-18i,2.3485742974694e-18-2.8078984119002e-18i,-2.08186452023034e-18+4.52965563374096e-18i,-1.03431485627336e-18+1.39886682987411e-18i,-6.45813120406016e-19+9.14474021878202e-19i,-4.14528118015123e-19-5.28915349255215e-19i,2.58103414039624e-19+5.68872854506936e-19i,3.58929331311106e-19+1.18204156393652e-18i,2.32485921982962e-19+1.06516227606322e-18i,-1.3983673628853e-18+1.64895806594587e-18i,-1.81995964148363e-19+1.70182221993175e-19i,3.11745164344201e-19+7.30507243943745e-19i,3.10146228242692e-18-2.02922063531837e-18i,1.0043396156335e-18+1.24840133875864e-18i,1.52535158942552e-18-7.92009743487592e-20i,3.15545107890876e-19+1.38251621850273e-18i,6.30011282987201e-19-6.52103195979095e-18i,5.80998424190543e-20+1.42233947847714e-18i,-1.48567857065465e-18+3.06652368222985e-19i,-6.48164066294864e-19+1.46011170452466e-18i,-3.4599090439396e-18-1.3021022283921e-18i,-1.04553550679534e-19+7.86139848412059e-19i,2.35985257190282e-19+1.16923316999438e-19i,1.78375088984786e-18+1.23944385281607e-18i,5.78063863478918e-20+1.08868539321559e-18i,-3.29394916209618e-20+1.2384624404926e-18i,-9.32981893039519e-20+6.18362097232438e-19i,2.81073089771384e-19-6.1847642203071e-19i,8.65246382597638e-19+7.14979836823583e-19i,1.36701889052094e-18+1.08732731974668e-18i,1.95646055426705e-18+4.58565303011769e-18i,-2.92170147052141e-18-2.1929228389384e-18i,-5.21209228852888e-19-1.81799837529116e-18i,-6.08336501756859e-19+2.53789281407125e-19i,-2.29431979903751e-18-3.99164056928517e-19i,1.43143197114201e-18-4.60654072725864e-19i,2.59106429361865e-18+6.87135480423463e-18i,1.32339189743627e-20-1.067766596158e-18i,-6.05296736497429e-19-7.73680413352164e-19i,1.57643455018259e-18+4.16581333219521e-19i,6.437335947386e-19-1.5883691710631e-18i,6.03002015423858e-19-1.10359459300151e-18i,-1.96930031068452e-18-1.45631963699184e-18i,-5.86712570194425e-19+1.73838736954258e-19i,2.41982885163404e-19-9.98059703319604e-19i,-2.37099518127736e-19-4.78857281682996e-19i,1.55423525347487e-18-1.44095528443155e-18i,1.96250110751164e-19+1.05452560249528e-18i,-5.51806319492027e-19-1.77252982259397e-18i,1.6016088913452e-18-4.21731400103094e-18i,-1.17062127068934e-18+1.85234839033645e-18i,-1.28784007372363e-18+2.70171124804933e-18i,2.39467366312177e-19-1.17688814423194e-18i,8.71355841677786e-19+1.92822628698249e-18i,8.23509605984024e-19+9.93511045381227e-19i,-3.31444217335741e-19-1.85931822873327e-19i,-2.42534599362547e-19+1.82724045236476e-20i,-3.00010083119298e-19-3.25914652338904e-19i,7.76883438740749e-19+1.36621020969338e-18i,-1.27980046459722e-18+2.40113796552551e-18i,-1.05890104154201e-18+1.62613713304905e-18i,8.58198250887545e-19+1.06214317240917e-18i,2.02024294268958e-18+3.14693404271658e-19i,1.9898284286994e-18+7.31640121352846e-19i,7.45412664730779e-20-1.25450010220928e-18i,-1.42824076500354e-19+2.85963935849344e-19i,-1.1779506907072e-18-1.22810035767163e-18i,-1.50323372308266e-18+2.12786080905804e-18i,8.3982113719872e-20+1.91939634015938e-18i,2.66316977941349e-19-1.6286975589176e-19i,-1.44839989066776e-18-9.31932381906238e-19i,-1.25946766484392e-18+2.83768667469583e-19i,-1.45488721336727e-18-6.92252242338655e-19i,3.66477382620773e-19-1.09934444147228e-18i,-9.9079941174101e-19-2.92399538684462e-19i,2.76660025963268e-19-1.44902464596306e-18i,4.62963554614833e-18+2.20328914471181e-18i,-2.35544744453959e-20+9.38788527713944e-19i,7.64327386565637e-19-2.65067614794282e-19i,9.36575170021381e-19+5.44414257597196e-19i,3.46731377728563e-19+1.54753239217847e-18i,6.5410393166902e-19+7.85088830201484e-19i,1.4552576971253e-18-2.2308920229023e-18i,1.66247697845715e-18+3.79073505676014e-18i,2.13173345866148e-19+1.05222915140709e-18i,3.62016068157096e-20-1.85243961251752e-19i,-1.63857488324646e-19-1.53003805636483e-18i,1.65539554025083e-18-2.72899694902248e-19i,8.20159345644516e-19+6.76324910021587e-19i,-7.47083547694275e-20+2.10220010685002e-18i,-1.34381155642078e-18+2.55039140884795e-19i,1.48998516127938e-19-2.12175293770284e-19i,4.40982748192628e-19+1.7239192893223e-18i,6.83430569300184e-19-1.18247852553129e-18i,-1.71791443651521e-19+2.79648985478625e-18i,-9.82626008974833e-20+2.95402955039049e-19i,-1.14836522104016e-18+1.1965373125955e-18i,1.86191266080618e-18+1.28234603005835e-18i,2.18304522200855e-18+8.73797788070028e-19i,-2.02558183761267e-18+1.905615336697e-18i,3.06504538588301e-18+1.91215816618918e-18i,-2.36258297579951e-19+1.85963544685322e-18i,2.63178088582516e-19-1.00576716727821e-18i,5.02534325680569e-19-6.2693462220378e-19i,1.53922654942683e-18+1.19305385592892e-18i,1.3205425527685e-19-6.59256995801355e-19i,-8.85465345365399e-19-3.12844258632362e-19i,1.23652306170609e-20+1.9779078986011e-19i,-2.00943801905638e-19+1.14675754890706e-18i,-7.09178562265165e-19+2.83487976152024e-19i,9.39360481701031e-19+7.15897224542231e-19i,-3.44348717711614e-20-5.27314855752694e-19i,9.97582489850283e-19-6.7921460643193e-19i,-1.32304007120258e-18-1.45263044164741e-18i,-6.81808213772352e-19-7.76450009009526e-19i,-7.09877635255486e-19-5.57755682078714e-19i
-6.23721903284023e-20+5.78642035029574e-19i,8.42743453006296e-22+8.52988437324658e-21i,2.96309535888821e-21-2.82876115731223e-21i,5.36454549275206e-21-5.09842840984779e-21i,-3.64674200689115e-21-2.84880860633997e-21i,3.16882918285032e-22-2.31719115452055e-21i,-3.69849357075167e-21+2.588517018878e-21i,2.82548888506924e-21+1.67533557698162e-21i,7.50386225387826e-22+4.16254727482794e-21i,7.01082008060363e-23+9.94462093474394e-22i,3.36043191185582e-21-7.62264658273282e-22i,-7.41442646392046e-22-2.45859217823732e-21i,-6.11879592614746e-21+4.30502975495088e-21i,-1.97057028553454e-21-2.54886946236636e-21i,-9.55243614197163e-22-4.28115050366773e-21i,5.84911987448273e-22+6.89714040931566e-21i,-1.20121744681637e-20+6.09279680596816e-21i,6.95982891909353e-21+8.24276120323162e-21i,-8.60308176059729e-21+2.82650788197506e-21i,-7.7351744401968e-21+4.13442081944341e-21i,4.08491524489799e-21+4.19477119646719e-21i,-2.95419588798986e-23+1.28408050767155e-21i,2.82523423364732e-22+1.02400322140038e-20i,-2.19653140100091e-21-4.31351384700112e-21i,-2.61377253910528e-21+6.62619233346896e-21i,-9.98394012892773e-22-8.25761676055833e-22i,4.58219736016882e-21+1.09508447897245e-21i,-1.04607769352295e-21+8.04320064267018e-21i,-4.43058009719293e-21+1.96172513902176e-21i,-4.41360339673004e-21-7.71711388722122e-22i,1.1008095808388e-21-5.17203312982017e-21i,3.08939574702358e-22-5.17870535837918e-22i,-1.42028906111067e-21+4.19379884289411e-21i,-5.9383393449077e-21+9.58106949061086e-21i,-4.46587618957431e-21-9.02012625808237e-21i,-2.31840447492819e-21+2.49573920640356e-21i,-1.4298327843823e-21+5.9809553558826e-21i,-3.28293397041577e-21+1.71086539201721e-21i,-3.07713103788416e-21-1.17799440302056e-21i,-1.42490616152922e-22+3.11324781583552e-21i,-8.91774272780516e-21+1.80007504612981e-21i,-1.0125101907789e-22-5.54143133429762e-21i,4.16315445622554e-21-1.36271708202693e-21i,-6.7842751238745e-22-3.99347945367727e-21i,5.92664671007256e-21-2.24593715596159e-21i,4.92864625304173e-21+1.11768063720926e-21i,5.8651523521048e-21-3.08848292247589e-21i,-1.43119056900048e-21-4.41283605548995e-22i,-1.28180567767703e-22+7.1773514398346e-21i,5.25097072548838e-21+8.72159931928721e-21i,4.62059201637463e-21-3.41418554618829e-21i,4.8813425842965e-22+9.82305860113562e-22i,2.38358165821078e-22-4.68204463849399e-21i,-7.32412785842632e-21+2.17809289343655e-21i,-7.5842477085389e-21+3.65877502848822e-22i,-3.81474807249001e-21+3.57140454553269e-21i,3.64862516910584e-21+6.31501455833689e-21i,3.41029936344992e-21+8.74961527065733e-21i,-3.62636241538638e-21+5.58463024541282e-21i,1.46137351210414e-21-1.00874495625491e-21i,1.50228402440064e-21+6.39129299509357e-23i,1.50270547723696e-21-3.00152530897363e-22i,-3.04291247620212e-21+3.52162229134192e-21i,-3.59591384985871e-21+7.13554223615709e-21i,-2.7617538657829e-22-4.5855484294986e-21i,4.24208113048174e-21+1.10753904368325e-20i,4.6309291631849e-21+7.06890085993093e-21i,-3.06215504095563e-21-9.17043388622255e-21i,2.24127184165367e-21-6.58112252294502e-21i,-1.04571487490895e-21+4.37675680067849e-21i,-5.83881300705603e-21-5.70615790797586e-21i,1.24574030198142e-21-1.70306003771516e-21i,-4.39478117804176e-22-3.78924677670182e-21i,2.25935552805233e-21+4.60527139287033e-22i,8.03006068293908e-21-5.08926424222354e-21i,-1.76558334516479e-21-3.97897159785837e-21i,-1.72364123048482e-21-5.75472335637563e-21i,-5.90963456035974e-21+1.5228247893315e-21i,2.81559990931368e-21-2.61757564824068e-21i,4.80928234761133e-22-3.6410253754333e-21i,-8.86054636712424e-22+1.4457033756905e-21i,-5.18700059018722e-21-2.34638636959974e-21i,9.08851817745459e-21-1.06021971977657e-21i,2.37883884121453e-21+1.15644312477165e-21i,2.41386724579401e-21-6.71655751258278e-21i,1.17794182343296e-20-7.35494678147488e-21i,-5.445117529759e-21+6.01370436057387e-21i,-5.42327246174378e-21+3.70996962556953e-21i,-3.61922280656252e-21+2.30779054570079e-21i,-8.44868496501885e-22-2.45065095527698e-21i,3.75384199339332e-22+2.78411940416486e-21i,1.46898158418981e-22+4.9933303538922e-21i,-1.9452160159817e-22+4.50392602275928e-21i,-6.90716417636715e-21+4.27329905416757e-21i,-1.14603048673544e-21+6.38499551800108e-22i,5.88115168987968e-22+3.10169319687129e-21i,1.27816422243488e-20-3.22938364013018e-21i,1.68161223931082e-21+5.65637365528678e-21i,5.56354046956027e-21+1.59117727682399e-21i,-6.27472115209177e-22+5.38879131557843e-21i,1.79177680144083e-21-4.48712854434892e-22i,-1.51222719589249e-21+5.19721085825394e-21i,-5.75152932799337e-21-7.06590632687296e-22i,-3.89068172140647e-21+4.18035080165053e-21i,-1.02615214815959e-20-7.99698334784187e-21i,-1.64605766382084e-21+2.98657584650624e-21i,1.05623660458413e-21+8.33545381587961e-22i,4.76086991775636e-21+6.77221379784425e-21i,-1.22578630603769e-21+4.44728934173836e-21i,-1.78848225505188e-21+4.83380598788627e-21i,-1.0517466450033e-21+2.58903666323545e-21i,1.6910483087026e-21-1.86386612558206e-21i,2.20697702026527e-21+3.37675673991519e-21i,3.49842163730443e-21+5.53525911343408e-21i,1.45576934489037e-21+7.42763166886772e-21i,-8.17505456541305e-21-1.09292381631135e-20i,4.16066646020972e-22-7.20722493607022e-21i,-2.68496259099577e-21+1.58463975467347e-22i,-8.13917978717254e-21-4.2270898302204e-21i,5.47767250453076e-21-9.44751207413029e-24i,8.11036627934747e-22+1.41894798702032e-21i,1.35789323352558e-21-3.35518670067733e-21i,-1.45225729373827e-21-3.24893324572066e-21i,5.15402388675395e-21+3.80842102220269e-21i,4.2743148750684e-21-4.46986355558602e-21i,3.47512473725528e-21-2.86707090024635e-21i,-5.50202067248061e-21-7.6835656535495e-21i,-2.5781126148365e-21-4.1206259515487e-22i,1.99265120747612e-21-3.14905069378981e-21i,-4.45685520346211e-22-1.86782330133846e-21i,7.76676084372276e-21-3.31787584527573e-21i,-3.61278702643306e-22+4.38153150153444e-21i,4.80942225680017e-22-7.23431008143634e-21i,7.359088293618e-21-8.36803856179869e-21i,-7.31743090060471e-21+5.36721321802014e-21i,-7.8702234936361e-21+8.63256732136581e-21i,2.05777401068568e-21-3.87605697668329e-21i,5.07500591541827e-22+8.13384516947662e-21i,1.40186968544451e-21+4.75026895829782e-21i,-8.72101310412013e-22-7.20516219753352e-22i,-1.44860166394918e-21-3.42976517538142e-23i,-8.37298592504224e-22-1.34510670585173e-21i,1.61794429711009e-21+6.23665454989512e-21i,-7.35590250853513e-21+6.03673710317004e-21i,-5.94227251027436e-21+4.43724184512892e-21i,1.88077748646262e-21+4.53230137511411e-21i,6.57650331601168e-21+3.4783428243557e-21i,5.86303621162549e-21+5.24665255349327e-21i,1.70966887191306e-21-4.2328099120977e-21i,-9.47522809838174e-22+7.84255482969856e-22i,-2.09568828768257e-21-5.2588354752913e-21i,-8.08123724049735e-21+6.08152033248063e-21i,-2.72501946795759e-21+7.25271478481222e-21i,1.6823619936573e-21-2.23291336531527e-22i,-4.18901229506036e-21-5.01735227009391e-21i,-5.22545791251304e-21-6.5450178628265e-22i,-4.6327014113141e-21-4.18115933921187e-21i,2.43119667489884e-21-3.11715079511443e-21i,-3.82907303349629e-21-2.60895588186394e-21i,2.36180462254879e-21-4.51742297500376e-21i,7.50264409671107e-21+4.45229031469189e-21i,-1.52802912087873e-21+2.94729779271463e-21i,3.2654086359441e-21-1.37753662893857e-22i,2.29050362244206e-21+3.28325424289318e-21i,-8.20744916855363e-22+6.33595335360889e-21i,8.18092699115621e-22+3.57764573518999e-21i,7.51846599391481e-21-6.18721720359248e-21i,1.43656430643009e-21+1.13439174270381e-20i,-1.66297882286939e-22+4.16846594427086e-21i,1.11484312610711e-22-3.32011127237771e-22i,1.57561590198892e-21-5.20431723625322e-21i,5.12646153365961e-21+2.60414070416629e-21i,2.91805603945956e-21+2.50488321647418e-21i,-2.19200683048948e-21+7.13468386636846e-21i,-4.90240076408362e-21-1.25022436266257e-21i,1.16358653454275e-21-8.96203471096902e-22i,-2.3008079911572e-23+6.68344580421864e-21i,4.00737268274074e-21-3.0845407973941e-21i,-4.65615634088431e-21+9.56273704145115e-21i,-4.61612823088598e-22+9.16499207708696e-22i,-5.91700637324179e-21+2.34579673710471e-21i,5.27215158454425e-21+6.53004571298696e-21i,6.91391756690485e-21+5.94624591165898e-21i,-9.35808793262604e-21+4.65351694164214e-21i,8.48809161871783e-21+1.02689996796481e-20i,-3.36700988278254e-21+6.29057074062692e-21i,2.1787330303747e-21-3.78360156147885e-21i,2.73899429069609e-21-1.87086198785959e-21i,4.12510872852109e-21+6.46234796868693e-21i,1.62067889496985e-21-2.40441814582633e-21i,-2.64588806753192e-21-2.20968575773329e-21i,-3.30232212566699e-22+1.00557679420356e-21i,-2.46060649470268e-21+3.83155455795254e-21i,-2.90386880554762e-21+5.83279778594451e-22i,2.42892851698208e-21+3.89361591332354e-21i,4.1287915577316e-22-2.21307235908039e-21i,4.39566443074629e-21-1.24579663245432e-21i,-2.86431192056994e-21-6.86227968672803e-21i,-1.64760447234125e-21-3.69090952364298e-21i,-1.78516485429725e-21-2.81854832544877e-21i
