1.79631056619112-0.000456762327718904i,-8.637589675725e-06-8.82914369471588e-06i,-1.25285611322055e-05-9.1263956952971e-06i,-2.08442101809172e-05-1.33408810714213e-05i,-7.47252896878542e-06+1.53651292456412e-05i,-4.24336530747794e-06+4.10802438172711e-09i,1.07472083932082e-05+7.68575078497214e-06i,6.86584258814911e-06-8.67978240219333e-06i,1.46379874728334e-05-6.01229655597452e-06i,4.3705936413986e-06-1.37663305066203e-06i,-6.33579574042058e-06-1.22759725294167e-05i,-8.56634710870928e-06+3.05441441832878e-06i,1.83973205937644e-05+1.76252632564744e-05i,-5.09514976709192e-06+8.76318159656431e-06i,-1.04203640718445e-05+4.74986512256506e-06i,2.1166709288105e-05-6.51887702267661e-06i,3.0848897030699e-05+3.31127463092474e-05i,2.2032116413657e-05-2.804322798079e-05i,1.36600469043061e-05+2.68766933937659e-05i,1.63617842561521e-05+2.09831148201394e-05i,7.83291982039416e-06-1.89263022460524e-05i,2.24801960455036e-06+1.96200331412488e-06i,3.324956830287e-05-9.93710611135415e-06i,-1.61987754281738e-05+7.83161287143201e-06i,2.39753286442958e-05+3.46061089054031e-06i,-5.17868738065109e-07+3.76015860301784e-06i,-8.85296742428994e-07-1.76758329896364e-05i,2.65146226884702e-05-4.19962440117361e-06i,6.03965475883072e-06+1.11812336678869e-05i,4.09801736019156e-06+2.09907388768749e-05i,-1.62332654378962e-05-1.29684485003373e-06i,1.57893114411828e-06-1.91637946226816e-06i,1.37455744067176e-05+6.5802324325895e-07i,5.49082293083522e-05+1.663673226333e-05i,-2.17374311470173e-05+2.20784895471888e-05i,8.31450386539779e-06+3.68326322081313e-06i,1.44274447699554e-05+2.83822167428464e-06i,8.99116817969779e-06+1.01174957825995e-05i,-4.93957104671387e-06+1.14538173614104e-05i,1.25700694093295e-05-7.75299017291968e-07i,-0.00494085694316173-0.0111503438783656i,-1.89327754552724e-05+4.42486575893028e-06i,-7.48604730351632e-06-1.00809279327804e-05i,-1.50468916452134e-05+6.56888400224481e-06i,-1.40468332604043e-05-1.9800411310775e-05i,-7.86351363590817e-08-2.08860748132543e-05i,-1.60546767039213e-05-1.96668852842626e-05i,-3.67023166454208e-06+2.32191846065155e-06i,2.50587269667472e-05-2.66323804968329e-06i,2.33463926183194e-05-1.94492048041235e-05i,-1.88964342026185e-05-1.00989126656614e-05i,2.36371129942431e-06+2.04800138121111e-07i,-1.65458800626379e-05+2.84333290156446e-06i,1.22763438928354e-05+2.10883859547171e-05i,5.40671553137087e-06+2.40403695442199e-05i,1.26078133832708e-05+6.66146772129665e-06i,1.88259428901942e-05-1.65291833683465e-05i,2.58114479277721e-05-1.11528208763821e-05i,1.7463582598826e-05+7.0339176832186e-06i,-5.34568180274884e-06-4.90150661483552e-06i,-2.92054742318532e-06-5.29574987548343e-06i,-2.92787258625742e-06-4.23884700256026e-06i,1.18600512756588e-05+6.58858194336368e-06i,2.69631600556822e-05+7.94484770391343e-06i,-1.67543817381604e-05+4.57587946125782e-06i,3.38828006987237e-05-2.33251863162715e-05i,1.71785884743378e-05-1.69532171666446e-05i,0.00353330132911616-0.00160383009878885i,-2.27555435029354e-05-2.68466524039065e-06i,1.2178370741136e-05-2.32630511281369e-06i,-1.3288887496037e-05+2.37049883280154e-05i,-7.51217857720795e-06+4.6593743539153e-06i,-1.37708293144437e-05+3.56931387293502e-06i,-2.9996126703983e-06-8.43514352588328e-06i,-1.62078477488466e-05-2.40557529324681e-05i,-1.63190451290486e-05+8.48005641053877e-06i,-1.93704164572271e-05+9.7785272063025e-06i,6.42786484696774e-06+1.80899253551128e-05i,-1.01616251522329e-05-5.78996316795006e-06i,-9.1376484416777e-06+3.32119972867212e-07i,-0.0355382154430832-0.01894198291325i,-4.59144579984806e-06+2.06707598993002e-05i,-6.30094650699514e-06-2.68679927107004e-05i,2.92237084839591e-06-6.99355315095059e-06i,-2.57817415678624e-05-6.35614174241993e-06i,-3.54242944642678e-05-3.55221114348526e-05i,-0.00834406915311875-0.00389137062877809i,1.54355118959519e-05+1.23502268194725e-05i,7.81792188928438e-06+9.64526507469978e-06i,-7.22831935234e-06+3.23413564582728e-06i,1.0338119750588e-05-4.01681196697468e-06i,1.74888754552843e-05-5.56594898327673e-06i,1.14005336399386e-05+3.17746672627792e-07i,1.81684787624912e-05+1.85827210113464e-05i,2.25350825122135e-06-9.1262418294415e-07i,9.57338367943748e-06-3.92984454410094e-06i,-2.36769965162721e-05-4.36065542913135e-05i,1.6785016564507e-05-1.02206339663159e-05i,3.28122339439445e-06-2.15904393674864e-05i,1.9958763556119e-05-1.88586088536311e-06i,0.0268321892549822-6.82256896854541e-06i,1.99681024877832e-05+1.87552596321267e-06i,3.29781295050743e-06+2.15876934599517e-05i,1.67955346100778e-05+1.02050786117006e-05i,-2.36519181573026e-05+4.36182718988832e-05i,9.57195946342044e-06+3.92388636267827e-06i,2.25520108755128e-06+9.13085837983009e-07i,1.81592234124841e-05-1.85931998915784e-05i,1.13993586751031e-05-3.25056632066117e-07i,1.74946382128833e-05+5.55621960950199e-06i,1.03389789985636e-05+4.01436936293658e-06i,-7.23040443438789e-06-3.23067671185179e-06i,7.81084072257058e-06-9.65411627448247e-06i,1.54265568588782e-05-1.23633085919324e-05i,-0.0083420907178872+0.00389561503294652i,-3.54083339255415e-05+3.55424355718768e-05i,-2.57766870287339e-05+6.3730048687059e-06i,2.92391851236783e-06+6.99137602067591e-06i,-6.28667453864447e-06+2.68697687714422e-05i,-4.60628487296777e-06-2.06713447855504e-05i,-0.0355285768596024+0.0189600566916518i,-9.13385690802281e-06-3.25235982436887e-07i,-1.01618280651279e-05+5.79611591028294e-06i,6.41447357548539e-06-1.8088961338497e-05i,-1.9373957743417e-05-9.7623890590215e-06i,-1.63285702269965e-05-8.46748473643035e-06i,-1.61911281684077e-05+2.40645202819204e-05i,-2.9921832561297e-06+8.43134095733427e-06i,-1.37749041103138e-05-3.56251673414641e-06i,-7.51387857756848e-06-4.65336167224469e-06i,-1.32958603932241e-05-2.36990021580958e-05i,1.21819942776507e-05+2.32504069157863e-06i,-2.27516563452644e-05+2.69480422761625e-06i,0.00353410836808864+0.00160202713005312i,1.7181431812505e-05+1.6943558390121e-05i,3.38945417685933e-05+2.33092685790362e-05i,-1.67610295978673e-05-4.57119799494233e-06i,2.695432318441e-05-7.96178009865102e-06i,1.18505602324888e-05-6.59383344912135e-06i,-2.92725149181496e-06+4.24325990675294e-06i,-2.92236480491286e-06+5.29864057016519e-06i,-5.34573268750627e-06+4.90296721847109e-06i,1.74606588751995e-05-7.03830957123101e-06i,2.58212779347596e-05+1.11277481416745e-05i,1.88363981468901e-05+1.65122210737566e-05i,1.26034166682821e-05-6.67124949062937e-06i,5.39555687854045e-06-2.4044692016853e-05i,1.22654345820416e-05-2.10952045866639e-05i,-1.65501525290473e-05-2.83848805186774e-06i,2.3646461650149e-06-2.04661878833451e-07i,-1.88813256341002e-05+1.0124364347111e-05i,2.33594058394457e-05+1.9435499990143e-05i,2.50578458230825e-05+2.64764651335314e-06i,-3.66931460347683e-06-2.31531493682866e-06i,-1.60446746551971e-05+1.9678022296051e-05i,-7.27341088589986e-08+2.08849055681513e-05i,-1.4040670650539e-05+1.98105250308062e-05i,-1.50547735508329e-05-6.55859402809453e-06i,-7.48324693072115e-06+1.00808817688764e-05i,-1.89416877244098e-05-4.41115953066026e-06i,-0.00493518351638593+0.0111528692165283i,1.25731807369509e-05+7.68993575322695e-07i,-4.94190481432644e-06-1.14530845164874e-05i,8.98052216464429e-06-1.01222890570599e-05i,1.44212822865892e-05-2.8439529696813e-06i,8.30749697377746e-06-3.68863848851212e-06i,-2.17532220284036e-05-2.20668974835491e-05i,5.48939038742434e-05-1.66687948868493e-05i,1.37458307495928e-05-6.62042509528784e-07i,1.58092061355877e-06+1.91877556185252e-06i,-1.62299833837465e-05+1.30796234434825e-06i,4.07170643351147e-06-2.09815356446707e-05i,6.04293162664205e-06-1.11923766710569e-05i,2.65233144331255e-05+4.18407213211388e-06i,-8.70410670424796e-07+1.76709144105261e-05i,-5.18906265057526e-07-3.75984584492367e-06i,2.39767283893235e-05-3.47301502301968e-06i,-1.62010685224708e-05-7.82089657318212e-06i,3.3256837699426e-05+9.91142992142076e-06i,2.25111425404472e-06-1.96132376825541e-06i,7.83687300488596e-06+1.89209008023662e-05i,1.6348537243099e-05-2.09940981488736e-05i,1.364359944042e-05-2.68845915729206e-05i,2.20500954464933e-05+2.80285052439681e-05i,3.08323449831929e-05-3.31341436429218e-05i,2.1174314851989e-05+6.50695909161411e-06i,-1.04243070709459e-05-4.75266774604697e-06i,-5.09798496593977e-06-8.76142567227868e-06i,1.8388364901468e-05-1.76359246034594e-05i,-8.56670840450938e-06-3.05112351968213e-06i,-6.32621497821976e-06+1.22773558945423e-05i,4.37172861205407e-06+1.3732453823809e-06i,1.46415084112567e-05+6.00134517083895e-06i,6.87107035218459e-06+8.67728261037216e-06i,1.07382465915708e-05-7.68836153182192e-06i,-4.24297162228211e-06-2.46770343404681e-09i,-7.48326248401706e-06-1.53644577171522e-05i,-2.08383794201317e-05+1.33578678221039e-05i,-1.25260255529893e-05+9.1355592615256e-06i,-8.6321760414867e-06+8.83522668805838e-06i
3.67739689714899e-06+2.95367604177168e-08i,1.35435869429781e-08+2.07362904768083e-08i,7.05998955973771e-08+8.56821932287335e-08i,-2.65499758182426e-08-3.94448014412873e-10i,4.29700350942035e-08-4.20189214080233e-08i,1.28666658256803e-07-3.53634040107623e-08i,-6.10126201096697e-08+2.67747165022146e-08i,-1.4725202615198e-07+5.79512631423813e-08i,2.67179096535654e-09+1.97408008275933e-07i,-5.97428520455597e-08+3.03366779977131e-08i,1.69366953592982e-08-9.24902274970767e-08i,6.24105416211321e-08-1.80939125400281e-07i,-9.61583217489614e-08-8.92858275477522e-08i,9.78674116659606e-08-1.27679256917394e-07i,2.42902382731233e-07-2.81093865530185e-08i,-5.02037513651451e-09+2.72665595842352e-09i,-3.93627068550809e-08-4.76399726776426e-08i,-5.4817226952547e-08-8.90776603437419e-08i,9.88707092952536e-09-3.58958854923516e-08i,1.43690470364046e-07-1.46688595068085e-07i,3.21646975153661e-07+4.54491401042739e-08i,3.18368041936547e-08-1.67301541891716e-07i,6.34908614215615e-08+1.22874633293158e-07i,-1.17822341770195e-07-3.31916850473785e-08i,-1.20614752245369e-08-2.05079065575593e-07i,1.69930090100759e-07-1.97176208072082e-07i,1.75082747924812e-07-1.38728247329342e-07i,1.35585605214588e-07-3.20273375963803e-07i,3.77847055646938e-07-5.24180705860398e-07i,-5.41429980178362e-07+7.11327165889932e-07i,-2.23806734115791e-07+4.62530605990466e-08i,-1.57745412417573e-07+1.73521984592992e-07i,-4.50129385367982e-08-3.79340555949904e-08i,-1.07474576181486e-08+1.47281470654893e-07i,-3.66144096758845e-08+1.15187467375728e-07i,4.16833566523166e-08+2.25015092891875e-07i,-7.68823111906646e-08+4.13518706091862e-08i,-8.17582562078857e-08+1.19556639540429e-07i,6.19545892947856e-08-1.56978815041746e-07i,2.00301852051809e-07+5.51669635804136e-09i,1.55796300742395e-07-1.50267933070824e-06i,2.12140488903821e-08+1.91963557970488e-07i,1.96364209588336e-07+1.48907205031966e-07i,-3.0734752777218e-08+5.32627657827804e-08i,5.24035441009659e-08+9.02815389147426e-08i,6.56229888955098e-08+2.62864513599142e-07i,9.32225186679396e-09+1.22917141263658e-07i,-6.47283258817553e-08-1.43604699676315e-07i,-3.91550726062912e-08+3.09562696715713e-07i,-6.53955782372875e-08-7.82889350461997e-12i,-2.81171210689759e-07-1.7572535620191e-07i,1.82600389181937e-08+4.53181812033893e-08i,-2.96491367612812e-08+4.03003774810987e-08i,7.17402206530069e-09+1.31249197913306e-07i,1.06153214668936e-07+1.4829857919861e-07i,1.76468687429107e-07-1.23580915221858e-07i,4.61648951329352e-08+7.21042901529062e-08i,4.28041451045408e-07-3.15441693618671e-07i,-1.53106357288353e-07-1.19314567424344e-07i,6.15729227678092e-08+2.77189524490746e-08i,3.10562114550516e-08+1.73242050398404e-07i,-1.35149886061561e-07+1.12517622845444e-07i,3.53341391216573e-09+1.59994088478878e-07i,-4.60605302841682e-09+7.64997895489948e-08i,6.8050844426277e-08+1.32962970524509e-07i,-1.49890342750391e-07+9.37771968215377e-08i,2.12352782972937e-07+3.05222155255666e-07i,-2.48076144778033e-07-8.96334366713534e-07i,1.37559906084592e-08-1.11919770291279e-07i,-1.50625167862923e-07-4.7931772062414e-08i,-7.37171220484971e-08-2.34084437702306e-07i,1.61066427588019e-08+4.26828672811865e-08i,-5.74632702512848e-08+3.01117616829583e-08i,1.52526677385101e-07+3.61362381316019e-08i,-3.02556441051256e-08+1.57901323990374e-07i,-3.41435348233949e-08-4.75306204475744e-08i,-1.1621725263493e-07+6.08786263714155e-08i,-1.27410352704964e-07+2.00918331069997e-08i,-5.69841602370849e-08+5.30004297920872e-08i,-1.8735851352529e-07+5.16361914818533e-08i,-1.80568061545868e-06-1.05837967688696e-06i,5.92370063736579e-08-4.08175412309761e-08i,4.14122179141861e-08+1.08987511579813e-07i,-8.35741444747452e-08+1.73783219750861e-08i,6.95018271823467e-08+2.19122507651508e-08i,6.39438982517819e-08+1.94118125443104e-07i,3.5391627091633e-08-2.35097772267625e-07i,-1.79444304594603e-08-6.86008462270177e-09i,8.12027696985502e-08-5.22752153492435e-08i,6.44279576286082e-08+5.30801729192626e-08i,-2.49428575380271e-07+1.98455566473855e-08i,-1.99605544189515e-07+9.45386101403075e-08i,-1.873178783423e-07+9.36975343424579e-08i,-5.43735811014605e-08-1.97406164862331e-09i,-8.19485656424557e-08-1.07809665883424e-07i,-5.35686676368247e-08+1.49136338091516e-07i,-1.03831470255566e-08+3.53874142309754e-08i,2.66775055834984e-08-1.40950860781826e-07i,-2.74860309781215e-09+9.38452971711984e-08i,-2.76016331131038e-08-2.86865729262419e-08i,-6.99087076508535e-07-5.80885099061545e-09i,-2.80848240425598e-08+2.81628270805925e-08i,-1.10951565998448e-09-9.38593940283553e-08i,2.44587182057619e-08+1.41325006464283e-07i,-9.76446354731333e-09-3.55071771249445e-08i,-5.1154451017038e-08-1.49896648652089e-07i,-8.36851507708189e-08+1.06422872280616e-07i,-5.44285609994292e-08+1.17132168927911e-09i,-1.8580378785575e-07-9.66955531604472e-08i,-1.98020303139166e-07-9.78623295705061e-08i,-2.49027841538905e-07-2.39531944668715e-08i,6.53534528343726e-08-5.20110795663496e-08i,8.03475036840223e-08+5.3545751812154e-08i,-1.79975159569604e-08+6.52827804254664e-09i,3.17036075052663e-08+2.35404621085834e-07i,6.69239792564889e-08-1.92940779824358e-07i,6.98253034965491e-08-2.0758715661947e-08i,-8.33025020486943e-08-1.87293612382833e-08i,4.30848400151954e-08-1.08251930648308e-07i,5.84835460130953e-08+4.18379536248938e-08i,-1.82290402579277e-06+1.02859097961097e-06i,-1.86502021598935e-07-5.46928678532557e-08i,-5.62063264352204e-08-5.39312187363818e-08i,-1.26997369666554e-07-2.20725352675547e-08i,-1.15214184889445e-07-6.2695110157989e-08i,-3.49059753001504e-08+4.70957456240689e-08i,-2.76997459201247e-08-1.58415968234426e-07i,1.53095570468435e-07-3.3661967284028e-08i,-5.69675440751893e-08-3.09185822559928e-08i,1.66982542511679e-08-4.23858374275064e-08i,-7.75043675492889e-08+2.32902648554644e-07i,-1.51339035222061e-07+4.54848294612587e-08i,1.20477625466546e-08+1.12088533638363e-07i,-2.62403314825408e-07+8.92260837349679e-07i,2.17020105068754e-07-3.0174488453485e-07i,-1.48313120346109e-07-9.61849156681593e-08i,7.01963142906922e-08-1.31743083740638e-07i,-3.45453031944869e-09-7.67110041081716e-08i,6.1560206690571e-09-1.59864949826623e-07i,-1.33312274412785e-07-1.14727121096914e-07i,3.38037245176159e-08-1.72598415001834e-07i,6.20437544824498e-08-2.65912242458401e-08i,-1.54967620479807e-07+1.16908926448095e-07i,4.22399229337623e-07+3.22039409242411e-07i,4.72801291292694e-08-7.14443101571947e-08i,1.74460502189212e-07+1.26350804684085e-07i,1.08545893031593e-07-1.46523230283605e-07i,9.27848853060676e-09-1.31109320137983e-07i,-2.9041457412834e-08-4.07741523303524e-08i,1.89561745963991e-08-4.50434440472114e-08i,-2.83704253139465e-07+1.71503153678455e-07i,-6.54322254704748e-08-1.08143290479454e-09i,-3.41681408310673e-08-3.1014461632947e-07i,-6.69476655015627e-08+1.42498338741804e-07i,1.14129327269147e-08-1.22694870805872e-07i,6.99401761925596e-08-2.61742113983168e-07i,5.38137300516806e-08-8.93597453269187e-08i,-2.99427697518573e-08-5.37525037663133e-08i,1.98776794735721e-07-1.45756429796931e-07i,2.42436805424315e-08-1.91514536882049e-07i,1.30814597744763e-07+1.5052516585736e-06i,2.00348599300691e-07-2.20761670419782e-09i,5.93396270502707e-08+1.5796958127828e-07i,-7.98286772160532e-08-1.20953714365932e-07i,-7.62523939705418e-08-4.25078036738496e-08i,4.53640855782406e-08-2.24353693289799e-07i,-3.48374310574452e-08-1.15888098564344e-07i,-8.35555663601202e-09-1.47338522678133e-07i,-4.5553107886589e-08+3.71507087009409e-08i,-1.5492436273798e-07-1.76141546299004e-07i,-2.22952040326517e-07-4.97885105764735e-08i,-5.30016252194871e-07-7.19807638354324e-07i,3.6939666142514e-07+5.30130849647085e-07i,1.3048530776695e-07+3.22404773969171e-07i,1.72878878774337e-07+1.41494389940798e-07i,1.66694355137926e-07+1.99920915787216e-07i,-1.53496080282966e-08+2.04891408960682e-07i,-1.18297608426997e-07+3.1313562010912e-08i,6.55242344623454e-08-1.21874922545181e-07i,2.9131325183994e-08+1.67863140082314e-07i,3.22316682377672e-07-4.01455272157949e-08i,1.4131358676435e-07+1.48964329584816e-07i,9.3070462126999e-09+3.60453476281847e-08i,-5.61796494157629e-08+8.82582317330968e-08i,-4.01487871939787e-08+4.68019489950582e-08i,-4.95429659591519e-09-2.79577070994471e-09i,2.42392456140847e-07+3.20426309313155e-08i,9.57664368555655e-08+1.29166567448714e-07i,-9.76396924819038e-08+8.76653480292297e-08i,5.94432327926652e-08+1.81943697946346e-07i,1.54915691349754e-08+9.28258485539006e-08i,-5.91609007503571e-08-3.14044405337837e-08i,5.92842665533843e-09-1.9732213922458e-07i,-1.46321610809478e-07-6.03593282863534e-08i,-6.05772961561259e-08-2.77611628126658e-08i,1.28033670874648e-07+3.74634253934992e-08i,4.22133072153198e-08+4.2704272371015e-08i,-2.65769762141232e-08-3.40465055222453e-11i,7.19507512187555e-08-8.44918433859429e-08i,1.39520131306164e-08-2.041691429057e-08i
1.1041437848862e-05+1.6810541289569e-08i,5.14561651630312e-08+6.96318344280617e-08i,2.18427145422779e-07+2.54158523083321e-07i,-8.02921057265728e-08-3.39541449454044e-09i,1.28216190325738e-07-1.35427293822772e-07i,3.89938453497064e-07-1.14245375932698e-07i,-1.8389556713155e-07+8.13247480971875e-08i,-4.46596417566141e-07+1.75043398403794e-07i,1.36562040862993e-08+6.0269842125923e-07i,-1.90538641136596e-07+1.01245633960803e-07i,5.75523142828905e-08-2.74184262174531e-07i,1.85906433193753e-07-5.5003970647338e-07i,-2.97188262828375e-07-2.73320595755275e-07i,2.84758702630955e-07-3.89205645669647e-07i,7.32722056928921e-07-9.18060903576631e-08i,-1.37089062926543e-08+9.79179140497045e-09i,-1.40018939032844e-07-1.44809803789651e-07i,-1.57908764104155e-07-2.60939932787424e-07i,2.8651596727717e-08-1.07733907169101e-07i,4.27512038979187e-07-4.43458054108633e-07i,9.82288075958202e-07+1.27898933026841e-07i,9.97333800731093e-08-5.0509346800851e-07i,1.88536243512482e-07+3.75146612122727e-07i,-3.53152033181129e-07-9.24620009975501e-08i,-3.63169151013955e-08-6.15779980845652e-07i,5.1075492950625e-07-6.0011009226447e-07i,5.19850524067236e-07-4.1547861777446e-07i,4.02016221793996e-07-9.59160413986965e-07i,1.1197060067141e-06-1.58164758351962e-06i,-1.60046831724018e-06+2.14092669450305e-06i,-6.66385150237409e-07+1.52845067519774e-07i,-4.82303319592668e-07+5.26790686968421e-07i,-1.41682190674613e-07-1.06267986584023e-07i,-1.79322087993701e-08+4.45913778236246e-07i,-1.22183387385414e-07+3.39488788896219e-07i,1.24885304001466e-07+6.81909012565286e-07i,-2.21529195723686e-07+1.2056317567866e-07i,-2.5453703498578e-07+3.6064532767003e-07i,1.844674915219e-07-4.8203211344766e-07i,6.11550055007157e-07+1.10304440203676e-08i,4.68701995338665e-07-4.60862718336285e-06i,7.67335440016138e-08+5.70852390086039e-07i,5.89991463172793e-07+4.48248402070447e-07i,-9.16504345619376e-08+1.53476809151806e-07i,1.66170544723181e-07+2.66416539418177e-07i,2.05133474217341e-07+7.99632395740372e-07i,3.63496763311467e-08+3.81893306469792e-07i,-2.02774121901737e-07-4.22267577464135e-07i,-1.10706929287372e-07+9.32633435007188e-07i,-1.99825000360511e-07-3.96692291182484e-09i,-8.15143515935819e-07-4.9637310518099e-07i,5.2752056554708e-08+1.32753884433587e-07i,-8.91156744448842e-08+1.17176857686101e-07i,2.49740477163455e-08+3.94862685217584e-07i,3.27748465177229e-07+4.47110730206072e-07i,5.23050285293981e-07-3.74936585302521e-07i,1.30845793250501e-07+2.12428715976783e-07i,1.25554298334923e-06-1.01071240064674e-06i,-4.54554407396509e-07-3.51664829685756e-07i,2.00488652389982e-07+8.53699073768821e-08i,1.0975690354662e-07+5.16096246422019e-07i,-4.088434947927e-07+3.42803848954844e-07i,1.89707942811586e-08+4.86068025271461e-07i,-2.70660215182292e-08+2.2228657333529e-07i,2.18765184925451e-07+3.99698064316175e-07i,-4.49026190427358e-07+2.90627542647611e-07i,6.47992998334663e-07+8.9113081388847e-07i,-7.63474019634246e-07-2.6850440003137e-06i,3.45906419483285e-08-3.26686022482871e-07i,-4.55743072886727e-07-1.37191192089663e-07i,-2.22942002913137e-07-7.05974532835319e-07i,5.28294066371198e-08+1.1778232727296e-07i,-1.60781529165362e-07+9.24618657637495e-08i,4.61131949826237e-07+1.06203919459715e-07i,-9.39067665601022e-08+4.77124712183158e-07i,-9.05539052257275e-08-1.43269204929091e-07i,-3.43240697673364e-07+1.86468176834673e-07i,-3.75593805827401e-07+7.09832922007921e-08i,-1.72487998433352e-07+1.52071855952983e-07i,-5.67851746050386e-07+1.59385545267627e-07i,-5.51581138390303e-06-3.19273398750039e-06i,1.84549903928673e-07-1.33534888049826e-07i,1.31677617930861e-07+3.18531473762862e-07i,-2.53016004329327e-07+5.15686349856985e-08i,2.12907154231138e-07+6.36232160900079e-08i,2.07767152876079e-07+5.67358075962076e-07i,7.84930224320257e-08-6.96343195727003e-07i,-5.8785196179476e-08-1.42211269771885e-08i,2.39573874721218e-07-1.58638978825301e-07i,1.97585935818886e-07+1.67012774574216e-07i,-7.60466963127747e-07+6.96476304907992e-08i,-6.11556546272534e-07+2.9290884260784e-07i,-5.61094945474483e-07+2.84501782793312e-07i,-1.55694237347765e-07-8.11991688194045e-09i,-2.53680322241696e-07-3.24427250746166e-07i,-1.49429673280424e-07+4.50421791614335e-07i,-2.61903556138088e-08+1.10768678253844e-07i,7.32596407923383e-08-4.18566400858546e-07i,-4.19820778343416e-09+2.96670053976915e-07i,-9.07360046674349e-08-8.79573947001074e-08i,-2.14373223031496e-06-3.2894108540407e-09i,-9.10081467425715e-08+8.76608305063325e-08i,-3.27450228681371e-09-2.96675788709496e-07i,7.19980854149402e-08+4.18784722807086e-07i,-2.58372840328283e-08-1.1083903449514e-07i,-1.48054094152501e-07-4.50857496949885e-07i,-2.54665387717581e-07+3.23642794376979e-07i,-1.55728140110513e-07+7.66467250267895e-09i,-5.60235136629806e-07-2.86206953249743e-07i,-6.10655758081576e-07-2.94791126643615e-07i,-7.60238536568029e-07-7.19770334644089e-08i,1.98107043337111e-07-1.66412997254066e-07i,2.39086882474602e-07+1.59364822007551e-07i,-5.88143263599016e-08+1.40344716838078e-08i,7.63994022527798e-08+6.9652450977591e-07i,2.09467718741979e-07-5.66687440496312e-07i,2.13089172415048e-07-6.29654153823259e-08i,-2.52863445153003e-07-5.23296350187036e-08i,1.32632457410803e-07-3.18111283938674e-07i,1.84130885463677e-07+1.34117808142592e-07i,-5.52559545932496e-06+3.1758207083946e-06i,-5.67370981043676e-07-1.61119956606264e-07i,-1.72040290675122e-07-1.52601485905148e-07i,-3.75361845090098e-07-7.21152702428907e-08i,-3.426743503905e-07-1.87509271069991e-07i,-9.09805676876193e-08+1.43016239262552e-07i,-9.24600366216722e-08-4.77408607380991e-07i,4.61458467330183e-07-1.04794754286656e-07i,-1.60496378674188e-07-9.29150026385111e-08i,5.31667250182189e-08-1.17615913338518e-07i,-2.25091961506444e-07+7.05306355265729e-07i,-4.56150787009202e-07+1.35801338528375e-07i,3.36224870251184e-08+3.26791627925982e-07i,-7.71607859386793e-07+2.68276315336429e-06i,6.50648765431369e-07-8.89171707086715e-07i,-4.48131764778869e-07-2.92003566770144e-07i,2.19978916821912e-07-3.99009636524338e-07i,-2.64140003544907e-08-2.22407117190599e-07i,2.04633359866484e-08-4.85998244944516e-07i,-4.07805845626084e-07-3.44059953858453e-07i,1.11321301724191e-07-5.15731839663367e-07i,2.00761763927852e-07-8.47360628897911e-08i,-4.55617638999028e-07+3.50297463733857e-07i,1.25234292198733e-06+1.01446230072659e-06i,1.31474857900478e-07-2.1205161390828e-07i,5.21912032641133e-07+3.76508613929814e-07i,3.29104993016273e-07-4.46098496684263e-07i,2.61733289797923e-08-3.94786911252878e-07i,-8.87672777917331e-08-1.17444705325166e-07i,5.31519544840727e-08-1.32598198590796e-07i,-8.16586178841654e-07+4.93970002128664e-07i,-1.99841230659093e-07+3.34561384030482e-09i,-1.07872805536617e-07-9.32966725315543e-07i,-2.04035868345901e-07+4.2163936197086e-07i,3.75343204452002e-08-3.81768052849501e-07i,2.07577896374677e-07-7.98991435698246e-07i,1.66975629346573e-07-2.65895647030057e-07i,-9.11943091168602e-08-1.53761309174869e-07i,5.91362358091634e-07-4.46453737889992e-07i,7.84594175005317e-08-5.70604241256051e-07i,4.54551837109214e-07+4.61005923244446e-06i,6.11576367566679e-07-9.15255917148963e-09i,1.82984285227768e-07+4.82594571904007e-07i,-2.53433795593535e-07-3.61432858687713e-07i,-2.21168527362645e-07-1.2122248216205e-07i,1.26978520093961e-07-6.81528813888873e-07i,-1.21164837019596e-07-3.39879709269434e-07i,-1.65835001537514e-08-4.45961041651001e-07i,-1.41996776754424e-07+1.05821142107352e-07i,-4.80700025689274e-07-5.28276743507031e-07i,-6.65912133905976e-07-1.54854086998455e-07i,-1.59398505061758e-06-2.14574336868414e-06i,1.11490981967356e-06+1.58502316671126e-06i,3.99118341747031e-07+9.6036429389336e-07i,5.18598710181644e-07+4.17051272951321e-07i,5.08915480267718e-07+6.01667273057831e-07i,-3.81855924505559e-08+6.15666992755804e-07i,-3.53420838830958e-07+9.13958243856483e-08i,1.89692244631342e-07-3.7457947507058e-07i,9.81959117883894e-08+5.05414201266368e-07i,9.82675527329719e-07-1.24889993369491e-07i,4.26161000696046e-07+4.44749700738285e-07i,2.83197942193965e-08+1.07815785575761e-07i,-1.58683617946024e-07+2.60463815589707e-07i,-1.40461975997302e-07+1.44339249700677e-07i,-1.36667111211407e-08-9.82893013443798e-09i,7.32433831080442e-07+9.404457116044e-08i,2.83563562562432e-07+3.9005115282707e-07i,-2.98023793382373e-07+2.72401997291791e-07i,1.84219299679735e-07+5.50614932304075e-07i,5.67318638746445e-08+2.74367590849798e-07i,-1.90206707880116e-07-1.01851793785965e-07i,1.55008919126086e-08-6.02647692123353e-07i,-4.46066052203326e-07-1.76412679378427e-07i,-1.8364581707021e-07-8.18814402608454e-08i,3.89584913200423e-07+1.15440391798217e-07i,1.27787255785894e-07+1.35815083192885e-07i,-8.03072215638915e-08+3.15497869717454e-09i,2.19194702605841e-07-2.5348394909879e-07i,5.16875891509803e-08-6.94512536126757e-08i
-1.67300980815717e-05+2.6177354984871e-08i,-8.81961892706481e-08-1.13316668617703e-07i,-3.37066609283754e-07-3.83128817742274e-07i,1.213070014003e-07+6.74813136813069e-09i,-1.93727258036396e-07+2.12796412348721e-07i,-5.93042084957201e-07+1.79170886502349e-07i,2.79415050152114e-07-1.23509479644234e-07i,6.80502196880173e-07-2.65387202921217e-07i,-2.52003100518326e-08-9.19813731707628e-07i,2.9902876572293e-07-1.63132192331314e-07i,-9.25719913775464e-08+4.10764309598826e-07i,-2.82116906825846e-07+8.39138483804449e-07i,4.5785607153718e-07+4.17373996110711e-07i,-4.22163242339395e-07+5.94306462431495e-07i,-1.11238926429951e-06+1.45944571304415e-07i,2.06672906781736e-08-1.83373105669656e-08i,2.32368259220198e-07+2.22057048121755e-07i,2.34776976583647e-07+3.87037391402794e-07i,-4.22214275875562e-08+1.64721188053632e-07i,-6.43547820653098e-07+6.74383575264208e-07i,-1.49887282774964e-06-1.87740836845898e-07i,-1.55718513017006e-07+7.66213268760777e-07i,-2.85276742188742e-07-5.7342540341543e-07i,5.31870985780128e-07+1.35269659511914e-07i,5.53446945066454e-08+9.31312413382929e-07i,-7.75009478244752e-07+9.16457956274166e-07i,-7.82696382395124e-07+6.26148237088254e-07i,-6.01784391407354e-07+1.44717324591116e-06i,-1.68277981833169e-06+2.3962470021723e-06i,2.40054996465623e-06-3.23761516714059e-06i,1.00245080717599e-06-2.42436739920568e-07i,7.37719145570419e-07-7.99321672462268e-07i,2.20673322588222e-07+1.54111372266319e-07i,1.75963497341857e-08-6.7769124331556e-07i,1.94013041346692e-07-5.0433323565863e-07i,-1.89771061843842e-07-1.0397548339101e-06i,3.2925407539577e-07-1.80104691846266e-07i,3.92685398523109e-07-5.46332841068062e-07i,-2.78969907366616e-07+7.38976505321801e-07i,-9.34556092125391e-07-1.2079955399376e-08i,-7.1147326908432e-07+7.05607671289252e-06i,-1.26458384434889e-07-8.58864331554368e-07i,-8.93733918142397e-07-6.80687329721271e-07i,1.3777992213847e-07-2.26263383696092e-07i,-2.60089045467496e-07-4.00515632623055e-07i,-3.18919686401428e-07-1.22038774495171e-06i,-6.26028595178425e-08-5.89641702065549e-07i,3.12729718052073e-07+6.30251948569932e-07i,1.62257505347315e-07-1.41215396094004e-06i,3.07697957002074e-07+8.78446163408903e-09i,1.20426461803126e-06+7.22544975941492e-07i,-7.921052346212e-08-1.97415252317541e-07i,1.3380017008507e-07-1.72742290695635e-07i,-4.05062076789704e-08-5.95645940848725e-07i,-5.02216714516617e-07-6.75754266014704e-07i,-7.84984093433421e-07+5.69734048881412e-07i,-1.8922060055894e-07-3.17105956513904e-07i,-1.87171338155688e-06+1.58595518187503e-06i,6.84192338966235e-07+5.26921385677487e-07i,-3.16319755924801e-07-1.3106896977672e-07i,-1.80668520381871e-07-7.78013639309088e-07i,6.23382234953259e-07-5.21318788221332e-07i,-3.68429829301246e-08-7.41060192479349e-07i,5.54061131987991e-08-3.2826439539999e-07i,-3.43930299814897e-07-6.07259988231604e-07i,6.8061022942287e-07-4.46840631005415e-07i,-9.87237142350603e-07-1.32641287626222e-06i,1.16314775409703e-06+4.05833621305961e-06i,-4.69892350161327e-08+4.86391448826526e-07i,6.92677498142252e-07+2.01691484303707e-07i,3.37428742730886e-07+1.07196320556788e-06i,-8.4012686999326e-08-1.69038154703539e-07i,2.31710061640073e-07-1.40055781918936e-07i,-7.00463810826287e-07-1.59522661627113e-07i,1.43500495938577e-07-7.24095691304748e-07i,1.25797939991924e-07+2.16537836266807e-07i,5.14341489301925e-07-2.84858792086373e-07i,5.62016303386706e-07-1.1510850416939e-07i,2.62236245528893e-07-2.22528815253476e-07i,8.64039633164489e-07-2.44607067332217e-07i,8.42677841966323e-06+4.85202865032903e-06i,-2.8631254543115e-07+2.11965654274032e-07i,-2.07225204841519e-07-4.75210475673995e-07i,3.8264590382211e-07-7.86060199593009e-08i,-3.25980853001628e-07-9.26312182543984e-08i,-3.31929633094714e-07-8.47855254553225e-07i,-8.95121585030765e-08+1.04944793126325e-06i,9.33281223170627e-08+1.71857664895864e-08i,-3.5963255913907e-07+2.42983518956584e-07i,-3.02782918513282e-07-2.59490759101445e-07i,1.16053505072659e-06-1.13679787199068e-07i,9.38068394208213e-07-4.4930343282303e-07i,8.48386353755473e-07-4.30346523165419e-07i,2.29444415790085e-07+1.43119627194876e-08i,3.92939698575805e-07+4.90986808269637e-07i,2.16448138957459e-07-6.8329426039674e-07i,3.42886627482796e-08-1.74257475013996e-07i,-1.05327786095532e-07+6.2953801560535e-07i,4.02345904836938e-09-4.61607994154089e-07i,1.4659236747443e-07+1.36099333025461e-07i,3.2791054533105e-06-5.13045139720728e-09i,1.46166483317883e-07-1.36556697246256e-07i,5.46321494014685e-09+4.6159505426215e-07i,-1.07297508527368e-07-6.29201797856182e-07i,3.48321308682323e-08+1.7414746548613e-07i,2.18586831556105e-07+6.8261299697557e-07i,3.91400902356559e-07-4.92210596765395e-07i,2.29396933019338e-07-1.50290262317018e-08i,8.49730276322918e-07+4.27689705287093e-07i,9.39470703387472e-07+4.46370332806003e-07i,1.16088574227716e-06+1.10049517863346e-07i,-3.01969170611675e-07+2.60435569564595e-07i,-3.60389238574547e-07-2.4185514439398e-07i,9.32771008945595e-08-1.74760355847227e-08i,-9.27848915864448e-08-1.04915361573684e-06i,-3.29277451161412e-07+8.48886573977033e-07i,-3.25692673032303e-07+9.36505138783353e-08i,3.82888504316749e-07+7.74096186306556e-08i,-2.05736063286523e-07+4.75857825893785e-07i,-2.86971830612677e-07-2.11067413443692e-07i,8.41155450803096e-06-4.87836973319019e-06i,8.64797429640183e-07+2.41902785044693e-07i,2.62932921068412e-07+2.21705511611422e-07i,5.62376534193744e-07+1.13346376421797e-07i,5.1522931479043e-07+2.83244792424444e-07i,1.25122964988764e-07-2.16934309920642e-07i,1.45763937377255e-07+7.23644208959803e-07i,-6.99959767099715e-07+1.61714431169581e-07i,2.32149875135554e-07+1.39332101568313e-07i,-8.3481780694054e-08+1.69299155289853e-07i,3.34076558958718e-07-1.07301282652266e-06i,6.92041858720496e-07-2.03859434684414e-07i,-4.85096985849681e-08-4.86236576722925e-07i,1.15044961044223e-06-4.06194371079866e-06i,-9.83083009742394e-07+1.32948903428016e-06i,6.82003423626748e-07+4.44706936475452e-07i,-3.42032516061036e-07+6.08331826262858e-07i,5.64335683131396e-08+3.2808964801525e-07i,-3.45236149096775e-08+7.4116998613315e-07i,6.25009401240422e-07+5.19365777716903e-07i,-1.78229976110842e-07+7.78572902441783e-07i,-3.15904227325218e-07+1.32055577117564e-07i,6.82539394155873e-07-5.29059792829322e-07i,-1.87666941594441e-06-1.58008909055767e-06i,-1.88229004289305e-07+3.17698683363161e-07i,-7.86763632451854e-07-5.67275886863732e-07i,-5.00099744073489e-07+6.77324180623357e-07i,-3.86401096010909e-08+5.95768602661393e-07i,1.34342884684982e-07+1.72321222549472e-07i,-7.85903806488192e-08+1.97660432212762e-07i,1.20199672385189e-06-7.26313819678268e-07i,3.07671110916506e-07-9.74730892579278e-09i,1.66676186028028e-07+1.41163735751665e-06i,3.10755383663919e-07-6.31228670443514e-07i,-6.07603387022687e-08+5.89834766500839e-07i,-3.15103405894765e-07+1.22137995369612e-06i,-2.58836871938197e-07+4.01327059072071e-07i,1.38488398040081e-07+2.25828775703719e-07i,-8.91598532830369e-07+6.83481523443145e-07i,-1.23768694540485e-07+8.59253918304231e-07i,-7.33535698996799e-07-7.05382455189434e-06i,-9.34512541008396e-07+1.50043470790758e-08i,-2.81280124041301e-07-7.38099413723311e-07i,3.94395451841767e-07+5.45103190851614e-07i,3.29815994843059e-07+1.79074832971368e-07i,-1.86515112805952e-07+1.04034339732145e-06i,1.95597152207277e-07+5.03724217372973e-07i,1.97115716690767e-08+6.77630106239914e-07i,2.20188674750431e-07-1.54801297685128e-07i,7.40218618391466e-07+7.97010052423906e-07i,1.00320060517773e-06+2.392990152494e-07i,2.41067270244569e-06+3.2300888386e-06i,-1.69027118779807e-06-2.3909721810595e-06i,-6.06309795013489e-07-1.44528443487255e-06i,-7.84653348906054e-07-6.23695320697975e-07i,-7.77872600595014e-07-9.1402943222026e-07i,5.24302197188581e-08-9.3148147755342e-07i,5.31446208063817e-07-1.36936258922242e-07i,-2.83480164804611e-07+5.74314890761298e-07i,-1.58115521682473e-07-7.6572124396435e-07i,-1.49827737419415e-06+1.92429463167302e-07i,-6.45654383550351e-07-6.72366090994516e-07i,-4.27346184311401e-08-1.64588614020632e-07i,2.33563791239431e-07-3.87770212091287e-07i,2.31674155866468e-07-2.22782023389795e-07i,2.07247589985593e-08+1.82761378573026e-08i,-1.11283962684655e-06-1.42462542396657e-07i,-4.24020776453494e-07-5.92982984083277e-07i,4.56548683859753e-07-4.1880422350213e-07i,-2.84742194034266e-07-8.38249601338044e-07i,-9.38571351078807e-08-4.10473402287482e-07i,2.99537347123247e-07+1.62195540024422e-07i,-2.23220276953631e-08+9.19889782522334e-07i,6.8132919500131e-07+2.632574797176e-07i,2.79801322724881e-07+1.22637130846063e-07i,-5.93599121436246e-07-1.77312906097097e-07i,-1.94392424233606e-07-2.12188199516038e-07i,1.21285239069417e-07-7.12845174517405e-09i,-3.35869200703701e-07+3.84179641310564e-07i,-8.78402443593638e-08+1.13592265184074e-07i
2.95531770280493e-05-3.06134592966988e-08i,1.45331654711975e-07+1.92441138708211e-07i,5.88213748447234e-07+6.76211253442928e-07i,-2.13762066570609e-07-9.72982536274754e-09i,3.42226605056379e-07-3.67575658468268e-07i,1.04524367568989e-06-3.09705524900471e-07i,-4.9063821934991e-07+2.19281501844614e-07i,-1.1963070519484e-06+4.6994546998175e-07i,4.30268752549998e-08+1.61539747141172e-06i,-5.17234103386528e-07+2.78667903148703e-07i,1.55020089641999e-07-7.29439346424769e-07i,4.97941420649598e-07-1.47706329735096e-06i,-8.01098566482599e-07-7.30371675754998e-07i,7.53156813075058e-07-1.0459538033367e-06i,1.96236203176083e-06-2.52655368462337e-07i,-3.50726669422673e-08+3.00901244327697e-08i,-3.88855590786416e-07-3.87781045974072e-07i,-4.22309662132239e-07-6.90733019020053e-07i,7.46799917583936e-08-2.89303178762902e-07i,1.13859425219957e-06-1.18936274261915e-06i,2.63330320345608e-06+3.36092889584353e-07i,2.69068458107882e-07-1.35161514204671e-06i,5.05705862933704e-07+1.00675831510176e-06i,-9.43101210129653e-07-2.42317015608033e-07i,-1.01191685928038e-07-1.64534115366252e-06i,1.36406381673332e-06-1.61249662750388e-06i,1.38654708335182e-06-1.11098498862671e-06i,1.06359731250722e-06-2.56136408222954e-06i,2.97766519187436e-06-4.23253978205325e-06i,-4.25352586945424e-06+5.72656431210264e-06i,-1.77580804312907e-06+4.14242024484369e-07i,-1.29240066123733e-06+1.41153412799574e-06i,-3.84293911036606e-07-2.80695506617697e-07i,-4.42455844259544e-08+1.18956935556003e-06i,-3.29807193186463e-07+9.04525193739127e-07i,3.38379299776653e-07+1.82996860460623e-06i,-5.88483255894864e-07+3.22117224334291e-07i,-6.82021488443893e-07+9.67888597642132e-07i,4.91650457920803e-07-1.29521722560907e-06i,1.64141486958607e-06+2.4251052149443e-08i,1.22810907274078e-06-1.2365801257098e-05i,2.12605340290458e-07+1.52348811296344e-06i,1.58114670915321e-06+1.19861861001279e-06i,-2.45962326078877e-07+4.07563718481315e-07i,4.51022797203417e-07+7.09299050856551e-07i,5.58640019046604e-07+2.14102487739942e-06i,1.03772117790413e-07+1.02690100908272e-06i,-5.47944349415404e-07-1.12163592393354e-06i,-2.90515171294163e-07+2.49372045371824e-06i,-5.39239875412327e-07-9.84476296114321e-09i,-2.16141595343025e-06-1.30336202266857e-06i,1.40504582022443e-07+3.53397399909721e-07i,-2.3660484665413e-07+3.12035765001678e-07i,6.90255246218419e-08+1.05463401997247e-06i,8.83074026044348e-07+1.1920177484033e-06i,1.39090325927363e-06-1.00548145974747e-06i,3.45225428579319e-07+5.62170343324606e-07i,3.33179948879278e-06-2.74793764152749e-06i,-1.21399784486036e-06-9.36059162735534e-07i,5.42940175286649e-07+2.31588726399705e-07i,3.04610163959952e-07+1.37923305167968e-06i,-1.09591251509872e-06+9.1731838046083e-07i,5.70171947413757e-08+1.30390431663042e-06i,-8.33776119793855e-08+5.87793817743877e-07i,5.94024395824694e-07+1.06750873845254e-06i,-1.20294103350017e-06+7.81829895986035e-07i,1.73334725925535e-06+2.36352265407333e-06i,-2.04163104763699e-06-7.16662943123813e-06i,9.21137637008066e-08-8.66963359506154e-07i,-1.22154219040497e-06-3.61466867400104e-07i,-5.97103718582748e-07-1.88701308392931e-06i,1.43383191319059e-07+3.09550661552053e-07i,-4.18571526962865e-07+2.49175285827796e-07i,1.23545404437097e-06+2.82844189466804e-07i,-2.47581619406799e-07+1.27538450808126e-06i,-2.37407303884884e-07-3.79217219969986e-07i,-9.16191428406372e-07+5.00368497487706e-07i,-1.00145412104254e-06+1.96970152196994e-07i,-4.62323896340243e-07+4.03178805920929e-07i,-1.51979320546648e-06+4.276042289074e-07i,-1.48105604751086e-05-8.530892323079e-06i,4.99700989504995e-07-3.62278719919029e-07i,3.60744807242994e-07+8.4767748892082e-07i,-6.73133794649483e-07+1.38619950755465e-07i,5.72522004715778e-07+1.63179597046538e-07i,5.70590822028113e-07+1.50896069914492e-06i,1.8980541403989e-07-1.85406837407099e-06i,-1.58989113884454e-07-3.33740717594839e-08i,6.39905419290202e-07-4.27006335662118e-07i,5.29658024239138e-07+4.49892453853637e-07i,-2.03792362820465e-06+1.95407956644179e-07i,-1.64019134422768e-06+7.89079385304322e-07i,-1.49870108446795e-06+7.61952826959396e-07i,-4.11617170896956e-07-2.35206797079151e-08i,-6.84492613859128e-07-8.65898392850852e-07i,-3.91576759358109e-07+1.20709489338381e-06i,-6.66671915214827e-08+3.01735255802911e-07i,1.93078124713969e-07-1.11677503584355e-06i,-7.58816803211435e-09+7.98256927677575e-07i,-2.5018766939816e-07-2.37006002671141e-07i,-5.75111403015649e-06+5.99235291760908e-09i,-2.49689595640695e-07+2.37539247606859e-07i,-9.2576806492272e-09-7.98244884311414e-07i,1.95383272247678e-07+1.11637540763296e-06i,-6.73030210041824e-08-3.01604143683019e-07i,-3.94080534410901e-07-1.20629544734281e-06i,-6.8269284904105e-07+8.67321909182786e-07i,-4.11559446750344e-07+2.4360030122481e-08i,-1.50027327561217e-06-7.58847376047066e-07i,-1.64182843990174e-06-7.85660944337281e-07i,-2.03833323547739e-06-1.91170341087052e-07i,5.287083937953e-07-4.50993131176279e-07i,6.40786537960294e-07+4.25681972302907e-07i,-1.58933303322685e-07+3.37090360405222e-08i,1.93614920440855e-07+1.85370735233684e-06i,5.67490629484247e-07-1.51016276305648e-06i,5.72193951429097e-07-1.64370302180648e-07i,-6.73415735553051e-07-1.37226753588007e-07i,3.58998249138453e-07-8.48437446424758e-07i,5.00465508559844e-07+3.61225107299194e-07i,-1.47927715717854e-05+8.56166962611988e-06i,-1.52067139045155e-06-4.24447661441045e-07i,-4.63145560414393e-07-4.02214136143558e-07i,-1.00187825391902e-06-1.94904083678375e-07i,-9.17227103432119e-07-4.98474703221336e-07i,-2.36627676402988e-07+3.79692121036695e-07i,-2.50224488499886e-07-1.2748628154189e-06i,1.23486219951484e-06-2.85405328149954e-07i,-4.19091628213603e-07-2.48332824189117e-07i,1.42754076124027e-07-3.09851326274712e-07i,-5.93193081237435e-07+1.88823746169515e-06i,-1.22079670280768e-06+3.64003459342024e-07i,9.38917157608747e-08+8.66769734262939e-07i,-2.02680032380369e-06+7.17081730081206e-06i,1.72848935138404e-06-2.36710384699456e-06i,-1.20456470192464e-06-7.7933109642841e-07i,5.91810766179703e-07-1.06875717246584e-06i,-8.45796926190753e-08-5.87590121803635e-07i,5.43063960081912e-08-1.30402667137048e-06i,-1.09781045041157e-06-9.15035017741212e-07i,3.01753634013389e-07-1.37987978682558e-06i,5.4244790313986e-07-2.32734821027229e-07i,-1.21206204720405e-06+9.38560569037023e-07i,3.33758705080907e-06+2.74107463133478e-06i,3.44070121783585e-07-5.62869257235911e-07i,1.39298507573997e-06+1.00261151885856e-06i,8.80601262895276e-07-1.19385525534421e-06i,6.68406312096875e-08-1.05477460307615e-06i,-2.37246005134675e-07-3.11544442094045e-07i,1.39776036438673e-07-3.53680652914625e-07i,-2.15876181909071e-06+1.30778292689032e-06i,-5.39213070294352e-07+1.09703308968449e-08i,-2.95680874955532e-07-2.49311116189367e-06i,-5.45634232404106e-07+1.1227789812838e-06i,1.0162883692284e-07-1.02712358903555e-06i,5.54188563069539e-07-2.14218421542889e-06i,4.49563024675113e-07-7.10244783858312e-07i,-2.4679373580761e-07-4.07048846638154e-07i,1.57864979361943e-06-1.20188911477756e-06i,2.09457266776938e-07-1.52393843302016e-06i,1.25385706286227e-06+1.23631936429594e-05i,1.64136156304917e-06-2.7669502129315e-08i,4.94346938968085e-07+1.29419170548035e-06i,-6.84028788197665e-07-9.66459108838485e-07i,-5.89141783984451e-07-3.20909585388508e-07i,3.34570498783847e-07-1.83065941286537e-06i,-3.31672355516289e-07-9.0381805661042e-07i,-4.67063414550863e-08-1.18948717292407e-06i,-3.83722240578576e-07+2.81502998467028e-07i,-1.29532571538014e-06-1.40883560969108e-06i,-1.7766713426303e-06-4.10575548073506e-07i,-4.26536614717482e-06-5.71777016589632e-06i,2.98642354968163e-06+4.22637511070814e-06i,1.06888696423705e-06+2.55916059070687e-06i,1.38883816859198e-06+1.10811371895733e-06i,1.36740920913274e-06+1.6096614755645e-06i,-9.77851385233006e-08+1.6455421771359e-06i,-9.42604568899227e-07+2.44270124429128e-07i,5.03606399871738e-07-1.00779798940457e-06i,2.71869464605215e-07+1.35103954650724e-06i,2.63260324288821e-06-3.41568278955961e-07i,1.14105460653258e-06+1.18700389744847e-06i,7.52776936734743e-08+2.89148946341291e-07i,-4.20889809757621e-07+6.91591964700707e-07i,-3.88047476995449e-07+3.88623673041374e-07i,-3.51393439495622e-08-3.00233919541742e-08i,1.9628858591793e-06+2.4858176349189e-07i,7.55329291938045e-07+1.04440534306236e-06i,-7.99574001395941e-07+7.32042413376376e-07i,5.01012967913822e-07+1.47601983883161e-06i,1.56521612053991e-07+7.29102783285616e-07i,-5.17825573613838e-07-2.77573207311694e-07i,3.96641815237044e-08-1.61548887818602e-06i,-1.19727273106756e-06-4.67458109275792e-07i,-4.91092597127619e-07-2.182663380286e-07i,1.04589065378908e-06+3.07530473002711e-07i,3.43000489260303e-07+3.66863143051253e-07i,-2.13737758272397e-07+1.01731551046161e-08i,5.86818415606336e-07-6.77433404672617e-07i,1.44915869308667e-07-1.92760275700213e-07i
-7.68044539245613e-07-5.97428919717498e-09i,-2.44241254929732e-09-3.64397563216568e-09i,-1.61984328452996e-08-1.93388906836316e-08i,6.90916469737448e-09+3.12249741655984e-10i,-9.23768178586415e-09+9.26713413161521e-09i,-2.65761862779852e-08+9.56785030822175e-09i,1.46879940499964e-08-4.72550266723773e-09i,3.14466835736722e-08-1.21647006443154e-08i,8.21887878396016e-10-4.41921601569999e-08i,1.1904553132297e-08-5.86844010513147e-09i,-5.75903480285882e-09+2.07932623487241e-08i,-1.09216322350629e-08+3.77341573811995e-08i,2.09662354839062e-08+2.13668462409702e-08i,-2.16030346106905e-08+2.68643806598833e-08i,-5.07017297160958e-08+6.18170934586234e-09i,2.15276932249238e-09+1.30985068756896e-09i,8.93128047539972e-09+1.11298976786278e-08i,8.7046793397196e-09+1.99214832440757e-08i,-3.19194347033784e-09+7.19320444535746e-09i,-3.17571038967887e-08+3.15054410697849e-08i,-7.11473416358567e-08-7.13841520656888e-09i,-5.7794548215388e-09+3.62255623263422e-08i,-1.35625495852937e-08-2.60028813485757e-08i,2.55837022114372e-08+7.4701145088766e-09i,4.58268135957108e-10+4.44754707654321e-08i,-3.74937964935054e-08+4.18572610108027e-08i,-3.71243243743616e-08+3.02153663344278e-08i,-3.27242252055844e-08+7.02144857416781e-08i,-8.40061608413057e-08+1.15141943078754e-07i,1.19433294300882e-07-1.54952518634467e-07i,4.91807267965106e-08-1.49893891502079e-08i,3.45651376288259e-08-3.73952677531776e-08i,8.40226112461835e-09+5.75498517816967e-09i,-3.61400449927129e-09-3.67175897859961e-08i,1.03337490924928e-08-2.1687663206177e-08i,-7.3826260753183e-09-4.67364755721797e-08i,1.54281736352652e-08-8.13776677760748e-09i,1.99670533110446e-08-2.29325957253218e-08i,-1.3092854384421e-08+3.45191401649266e-08i,-4.31964664324831e-08-1.07864764961022e-09i,-4.46216678880191e-08+3.38498192654927e-07i,-6.82624286638091e-09-4.01143246989837e-08i,-4.0515844385894e-08-3.12793249604953e-08i,3.91436648549443e-09-9.85439939687365e-09i,-1.15859935100534e-08-1.91305719363172e-08i,-1.25859349953037e-08-5.96121659237796e-08i,-2.12705321181956e-09-2.81198372462215e-08i,1.373453543933e-08+3.12462015302957e-08i,6.88466980685178e-09-6.71316388770824e-08i,1.24826218954634e-08+2.16908912386085e-09i,6.05232494396616e-08+3.88333335731002e-08i,-4.43626464877553e-09-8.53624491177975e-09i,7.11728017959941e-09-7.32398017880563e-09i,-2.97612476041929e-09-2.74504975069962e-08i,-2.14417805830891e-08-3.39529266433012e-08i,-3.99922446027371e-08+2.74245910643357e-08i,-9.50144560102848e-09-1.78362510479909e-08i,-9.42541203979802e-08+6.62718402646815e-08i,3.29305628918093e-08+2.39403520004082e-08i,-1.57181256545172e-08-3.13566492698481e-09i,-7.10888683712568e-09-3.56942944046585e-08i,2.82406684174499e-08-2.704113672034e-08i,-2.01385186163507e-09-3.36150072077622e-08i,-1.06515056575635e-09-1.78979304499724e-08i,-1.56462401407665e-08-3.04758434515638e-08i,2.89045511767153e-08-2.13865164011549e-08i,-5.33372011290153e-08-6.63536434072168e-08i,6.95146671949089e-08+1.98216349724029e-07i,1.70916818100151e-09+2.55350010449497e-08i,3.18705444549928e-08+1.00164707470997e-08i,1.77615320825902e-08+5.20052079235688e-08i,-4.35065393936914e-09-8.58702488558816e-09i,1.56996119382415e-08-4.91419834523315e-09i,-3.20957875374018e-08-6.28229305201368e-09i,9.90864952995132e-09-3.60782403353878e-08i,4.98238179541598e-09+1.37332955852397e-08i,2.21018683251046e-08-1.44182633004353e-08i,2.51777069024079e-08-4.43106898807035e-09i,1.16988874155832e-08-9.59222998907279e-09i,4.15476046429475e-08-1.4161273625864e-08i,3.91247912659278e-07+2.26198061042913e-07i,-1.05033532878257e-08+1.14266854088531e-08i,-6.8930140882035e-09-2.17092639234708e-08i,2.11464456432823e-08-4.02908841979391e-09i,-1.41234298259832e-08-7.47781523170973e-09i,-1.19856875750794e-08-4.02051344601373e-08i,-6.05994900381289e-09+5.40786743523924e-08i,4.74206282540667e-09+2.43937926046408e-09i,-1.5666410831589e-08+1.12402450006964e-08i,-1.63431688478335e-08-1.22567266906654e-08i,5.55907176971173e-08-3.8353088208327e-09i,4.51603964061526e-08-2.08076730151878e-08i,4.00785908691263e-08-2.07788921370614e-08i,1.22285718653476e-08-9.3221611013338e-10i,1.85765286099643e-08+2.3384023364359e-08i,1.07181600880603e-08-3.06928771990473e-08i,1.83552904596289e-09-6.12718069327896e-09i,-3.18003076435947e-09+3.0403141499463e-08i,1.76612696932265e-09-2.3848963984833e-08i,5.19902675785315e-09+5.99122216638383e-09i,1.56845750501463e-07+1.14661424027712e-09i,5.29384151139564e-09-5.88799126201039e-09i,1.44612706978172e-09+2.38514699763424e-08i,-2.73089717728014e-09-3.04833375889414e-08i,1.70850051320867e-09+6.15337245246124e-09i,1.023068307137e-08+3.08533992153088e-08i,1.89231779753627e-08-2.31071624604571e-08i,1.22402017979895e-08+1.096729806146e-09i,3.97753652465116e-08+2.13841694132067e-08i,4.48430436720423e-08+2.14687104848473e-08i,5.5511522629495e-08+4.65352567749255e-09i,-1.65210184572827e-08+1.20496535640611e-08i,-1.54915122757214e-08-1.1499501661906e-08i,4.75700996291024e-09-2.37496383403265e-09i,-5.30559090463992e-09-5.41469128806405e-08i,-1.26028931101042e-08+3.99664524774032e-08i,-1.41895788177892e-08+7.24384268785666e-09i,2.1090956932277e-08+4.29350986143837e-09i,-7.23765627356476e-09+2.15615832517531e-08i,-1.03623981793141e-08-1.16313461697793e-08i,3.94691878607603e-07-2.20242638924414e-07i,4.1378350840771e-08+1.47718964896692e-08i,1.1534593758116e-08+9.77780807855668e-09i,2.51036645136121e-08+4.83695610356128e-09i,2.19035113704986e-08+1.47914837363395e-08i,5.1313898166466e-09-1.36385974974053e-08i,9.39952366689781e-09+3.61702192556463e-08i,-3.22125979308407e-08+5.78162681964846e-09i,1.55993689880223e-08+5.07662433737423e-09i,-4.47259517745254e-09+8.5294736971586e-09i,1.85233651071497e-08-5.17698143655685e-08i,3.20166320647845e-08-9.52607172876932e-09i,2.05470572507206e-09-2.55773805658751e-08i,7.23965443914083e-08-1.97426047552314e-07i,-5.42902347055477e-08+6.56690857222605e-08i,2.85893480171535e-08+2.18791133980603e-08i,-1.60742257007825e-08+3.02380508264684e-08i,-1.29638561758103e-09+1.79365878342853e-08i,-2.54156139763953e-09+3.3592783740053e-08i,2.78774717464812e-08+2.74851254772601e-08i,-7.66493676506675e-09+3.55691771847835e-08i,-1.58150334686858e-08+2.92087011486848e-09i,3.33121930839866e-08-2.34517261492841e-08i,-9.31482026537732e-08-6.76069107002603e-08i,-9.72448408304944e-09+1.77010260588139e-08i,-3.95919586238374e-08-2.79819667698082e-08i,-2.19172893171937e-08+3.35960268805673e-08i,-3.40026266165433e-09+2.74258766907086e-08i,6.99277804613521e-09+7.41648227736933e-09i,-4.58036366390681e-09+8.47772304156958e-09i,6.10462524738145e-08-3.7972166956592e-08i,1.24832882844506e-08-1.94726966699658e-09i,5.88149881300757e-09+6.72505770538107e-08i,1.41842309573906e-08-3.10280091866222e-08i,-2.54270215422663e-09+2.80773091245143e-08i,-1.34454526255104e-08+5.93831967526267e-08i,-1.18782657723273e-08+1.89491913083989e-08i,3.74641931265373e-09+9.95673727030379e-09i,-4.09993825182054e-08+3.06399360118647e-08i,-7.44106178755469e-09+4.00339757889112e-08i,-3.96686141521384e-08-3.38976375722481e-07i,-4.32053838043902e-08+4.19841225099065e-10i,-1.25721977749507e-08-3.47176356503591e-08i,1.95743484852396e-08+2.32043104532884e-08i,1.52962496131561e-08+8.37754215202278e-09i,-8.12165052003006e-09+4.65964264697859e-08i,9.97029203586838e-09+2.18148129211356e-08i,-4.08637146924173e-09+3.67486438444171e-08i,8.52094833984815e-09-5.59766212586459e-09i,3.40002442779968e-08+3.79155444017961e-08i,4.90225985388621e-08+1.57029237264606e-08i,1.17141431833146e-07+1.5666299658485e-07i,-8.23125679723701e-08-1.16336392592706e-07i,-3.16961544628564e-08-7.06346037921531e-08i,-3.66812691230387e-08-3.07734466181333e-08i,-3.68418429450855e-08-4.24065993399426e-08i,1.12053026134641e-09-4.44290591069573e-08i,2.56813136703582e-08-7.09559496822138e-09i,-1.39696665796548e-08+2.58000011825914e-08i,-5.23543121431016e-09-3.63367220263949e-08i,-7.12902357798882e-08+6.08238057382205e-09i,-3.12762043624628e-08-3.19616876237062e-08i,-3.07030208484057e-09-7.21958888194403e-09i,8.97984016610603e-09-1.97404142093091e-08i,9.08687933518922e-09-1.09735426617928e-08i,2.13353751851144e-09-1.29486005959466e-09i,-5.0599722969391e-08-6.97473564202152e-09i,-2.11803833870868e-08-2.71665126762805e-08i,2.12558937020397e-08-2.10445986197469e-08i,-1.03255548057984e-08-3.79391063018648e-08i,-5.46744653457701e-09-2.08499625211541e-08i,1.17888725414899e-08+6.07804173187555e-09i,1.76762474439858e-10+4.41742725841212e-08i,3.12567520295839e-08+1.26500092043141e-08i,1.4598794598577e-08+4.92153205528979e-09i,-2.64567397568868e-08-9.98891714079655e-09i,-9.08861632487647e-09-9.40327174233228e-09i,6.91298141538885e-09-2.30918515333977e-10i,-1.64733860931921e-08+1.91003994187596e-08i,-2.52100158983487e-09+3.58415197735422e-09i
6.77535161524234e-06-2.84994190306795e-08i,3.03372794939242e-08+4.20469429306398e-08i,1.32033731418898e-07+1.53111189581159e-07i,-4.86902406960681e-08-1.30390680534708e-09i,7.81321514530436e-08-8.16510913887238e-08i,2.39397384267474e-07-6.87928787427307e-08i,-1.09980372346129e-07+5.174228730426e-08i,-2.71465141971562e-07+1.09081677720423e-07i,1.16243017989793e-08+3.66499634356893e-07i,-1.15314570915319e-07+6.15161885138137e-08i,3.13246911100925e-08-1.67955817922676e-07i,1.14017416805948e-07-3.37737974028643e-07i,-1.81446051459021e-07-1.63393976680152e-07i,1.7356532597818e-07-2.39356809345787e-07i,4.49297718423878e-07-5.74114329243732e-08i,-6.26121931056966e-09+6.56623863922565e-09i,-8.23918572593506e-08-8.61141318054511e-08i,-1.00484238638372e-07-1.60133966370769e-07i,1.65653381948111e-08-6.5356038657181e-08i,2.60095333467944e-07-2.72321511317452e-07i,5.98392839640495e-07+7.7048128122914e-08i,5.92967132020252e-08-3.09127973208676e-07i,1.16900621043914e-07+2.28504179850287e-07i,-2.18078813835806e-07-5.5090731279085e-08i,-2.64920967029691e-08-3.76583750586895e-07i,3.08810490884423e-07-3.68370233186091e-07i,3.18230457909068e-07-2.57457408236923e-07i,2.40090344190784e-07-5.88530308672766e-07i,6.78269726881957e-07-9.71308828203637e-07i,-9.7127330826181e-07+1.3181115540214e-06i,-4.07337534572839e-07+8.91705849084983e-08i,-2.91123884411041e-07+3.2498575141836e-07i,-8.71001615648697e-08-6.771068872336e-08i,-1.57255799143362e-08+2.67030464330319e-07i,-7.00202861734371e-08+2.14749265897881e-07i,8.05705510223506e-08+4.17830020277181e-07i,-1.36606055545066e-07+7.57142177652765e-08i,-1.5036436812188e-07+2.25116178539433e-07i,1.11177708962779e-07-2.93453768812964e-07i,3.73213964132234e-07+5.28299942477039e-09i,2.55657178049933e-07-2.79457522956519e-06i,4.55794070168737e-08+3.51509069198329e-07i,3.64726608041812e-07+2.72262322469799e-07i,-5.85465033418152e-08+9.68001920084338e-08i,1.00845326744981e-07+1.61862822612567e-07i,1.28826950615933e-07+4.82898947128752e-07i,2.23372936290534e-08+2.28988665433147e-07i,-1.25717864622636e-07-2.58845106867519e-07i,-6.65672194185968e-08+5.7102571052172e-07i,-1.22579517216645e-07+1.0065615250131e-09i,-5.07897971225439e-07-3.04346733154095e-07i,3.16809059689658e-08+8.33156519642387e-08i,-5.39820003065521e-08+7.51285814007243e-08i,1.51844052286957e-08+2.43294335529684e-07i,2.03191984119365e-07+2.7123642221973e-07i,3.17999174066583e-07-2.31153573523092e-07i,8.38966337706321e-08+1.27499069307438e-07i,7.68157440870928e-07-6.17489690344287e-07i,-2.8023881050756e-07-2.15695989455414e-07i,1.18447399488284e-07+5.45596803020423e-08i,6.58227845549928e-08+3.18301071172616e-07i,-2.48756282826573e-07+2.08547406365071e-07i,1.06543145335781e-08+2.97458018558191e-07i,-1.47431256078769e-08+1.36724718976487e-07i,1.31967805078236e-07+2.40766590290852e-07i,-2.76527852427179e-07+1.7686186788686e-07i,3.91424184265956e-07+5.45072290588417e-07i,-4.61036254963816e-07-1.6348248483224e-06i,2.62022306805187e-08-2.0011818898099e-07i,-2.79833017693308e-07-8.37173730048616e-08i,-1.3791187688954e-07-4.2787928811101e-07i,3.07963062970403e-08+7.49313557158072e-08i,-9.651230991167e-08+5.94793342316904e-08i,2.82970398310729e-07+6.48372191879388e-08i,-5.24155432606372e-08+2.89942322988721e-07i,-6.14187713769579e-08-8.33209663133229e-08i,-2.13887503247283e-07+1.13736242611589e-07i,-2.33363046424569e-07+4.49432630580212e-08i,-1.05976447784834e-07+9.70340816003058e-08i,-3.45071204000491e-07+9.56888592103446e-08i,-3.37515843586272e-06-1.92916983236505e-06i,1.13569098398502e-07-7.79498793365801e-08i,8.28004460695563e-08+1.96963623609888e-07i,-1.51765374961881e-07+3.15506957430122e-08i,1.3043085596791e-07+3.4790433959732e-08i,1.26741673453891e-07+3.47821771526272e-07i,5.49541218558564e-08-4.20347951772885e-07i,-3.38230773285343e-08-7.03938155188097e-09i,1.48843510590003e-07-9.72029252490539e-08i,1.18745212258383e-07+9.96621519391493e-08i,-4.61797995472578e-07+4.52820889212603e-08i,-3.67653044224696e-07+1.80643656224165e-07i,-3.42575807956315e-07+1.764820969185e-07i,-9.57216359950179e-08-5.47888216722857e-09i,-1.53091121921874e-07-1.97196234935217e-07i,-9.17191422604077e-08+2.77916752863087e-07i,-1.74668815938876e-08+6.73199250665096e-08i,4.714178441901e-08-2.57462963573079e-07i,-3.10046724543349e-10+1.74993992133634e-07i,-5.47918132090357e-08-5.27293893106242e-08i,-1.30295907976224e-06+5.54347784985672e-09i,-5.43338812917234e-08+5.3205086802152e-08i,-1.83038308312621e-09-1.74979254861557e-07i,4.92992134066502e-08+2.57080215177904e-07i,-1.8040886415594e-08-6.7184981856576e-08i,-9.40480584865633e-08-2.7715532737735e-07i,-1.5141729110985e-07+1.98504505789127e-07i,-9.56762348156586e-08+6.27798387198439e-09i,-3.44047020308142e-07-1.73591606480593e-07i,-3.69167355634452e-07-1.7749569456622e-07i,-4.62167328145829e-07-4.13597255569241e-08i,1.17877927870358e-07-1.00683489674472e-07i,1.4965993097982e-07+9.59616075704467e-08i,-3.37615615562807e-08+7.33871947123688e-09i,5.85068843963253e-08+4.19939898572129e-07i,1.23833731566416e-07-3.48900041340526e-07i,1.3012555053024e-07-3.58891022309658e-08i,-1.52031406542739e-07-3.02520630728606e-08i,8.1159553899916e-08-1.97656670162096e-07i,1.14260557518949e-07+7.69879074308922e-08i,-3.358702972592e-06+1.95767859738502e-06i,-3.45885687343102e-07-9.27616817826376e-08i,-1.06761129006606e-07-9.6139232155526e-08i,-2.33744980909318e-07-4.30035057978875e-08i,-2.14850312373139e-07-1.11962367803725e-07i,-6.06927460115297e-08+8.3796202891573e-08i,-5.48747443974354e-08-2.89462535257239e-07i,2.82421843734181e-07-6.72150220888419e-08i,-9.69974389522202e-08-5.86652777764118e-08i,3.0185400020125e-08-7.52020115856904e-08i,-1.34282892401093e-07+4.29030261293754e-07i,-2.79130185795766e-07+8.60762199081039e-08i,2.78814699238735e-08+1.99927552625383e-07i,-4.47217998774961e-07+1.63874355622771e-06i,3.868525567686e-07-5.48403904889567e-07i,-2.78023663315906e-07-1.74542783597525e-07i,1.29912164058417e-07-2.41900977552983e-07i,-1.58867134055524e-08-1.36573192801381e-07i,8.14468312342685e-09-2.97557832795219e-07i,-2.50523073626457e-07-2.06436209416351e-07i,6.31544182299032e-08-3.18870670789261e-07i,1.17997356620925e-07-5.55953605856197e-08i,-2.78430216617293e-07+2.18040197795123e-07i,7.73422867389945e-07+6.1103617746174e-07i,8.28110927290372e-08-1.28177886626833e-07i,3.19940640214427e-07+2.28467141285161e-07i,2.00890979636592e-07-2.72935823831792e-07i,1.3146175549635e-08-2.43425018473368e-07i,-5.45936081409235e-08-7.46690945024589e-08i,3.09959300482535e-08-8.35817184348628e-08i,-5.05361967276391e-07+3.08549844736145e-07i,-1.22564447131979e-07+2.8676936479104e-11i,-7.13760351782349e-08-5.70455653775231e-07i,-1.23545620722673e-07+2.59901073896187e-07i,2.03743201782091e-08-2.2918100039647e-07i,1.24708950081504e-07-4.8396674329193e-07i,9.94855064483871e-08-1.62726242467221e-07i,-5.93349027860145e-08-9.63215352761586e-08i,3.62411943349048e-07-2.7531180332735e-07i,4.26351457905903e-08-3.51911539838439e-07i,2.79445997600581e-07+2.79220092694916e-06i,3.73159608319228e-07-8.44684587889508e-09i,1.13668047181909e-07+2.92502768003688e-07i,-1.52234149889634e-07-2.2380794198719e-07i,-1.37227173844353e-07-7.45747582999863e-08i,7.70419084129383e-08-4.18478896276354e-07i,-7.17822865636549e-08-2.14117487150932e-07i,-1.80115824638338e-08-2.66938628486074e-07i,-8.65553058007882e-08+6.84473769639e-08i,-2.93848557758818e-07-3.22497962544973e-07i,-4.08123837660631e-07-8.57417308872834e-08i,-9.82331980382623e-07-1.30988981337955e-06i,6.8643861076709e-07+9.65551704570178e-07i,2.45033156386154e-07+5.86469600996964e-07i,3.20379523341441e-07+2.5477513222864e-07i,3.11911506858934e-07+3.65740676709051e-07i,-2.33185454822699e-08+3.76773868044865e-07i,-2.17607567223248e-07+5.69197411650496e-08i,1.14962809910739e-07-2.29480881176319e-07i,6.19017439735679e-08+3.08611396069768e-07i,5.97740960212214e-07-8.2119029353423e-08i,2.6238310954468e-07+2.70120007824718e-07i,1.71151724215823e-08+6.52080082729452e-08i,-9.91446041413229e-08+1.60942250422276e-07i,-8.16462528028317e-08+8.68496121178018e-08i,-6.31145678173243e-09-6.50357116621728e-09i,4.49777085918122e-07+5.36273334560902e-08i,1.75578060879715e-07+2.37896787274611e-07i,-1.80038388133966e-07+1.64932931601118e-07i,1.16863943406446e-07+3.36773918945469e-07i,3.27345238798367e-08+1.67656685554665e-07i,-1.15840856378506e-07-6.05238749047007e-08i,8.50987391290857e-09-3.66581178283553e-07i,-2.72369398089397e-07-1.06782194405669e-07i,-1.10404178132725e-07-5.07987481328197e-08i,2.39991602270245e-07+6.67742542497075e-08i,7.88326762968145e-08+8.09866074426311e-08i,-4.86733117029608e-08+1.72034849639811e-09i,1.30735741555653e-07-1.54234228645806e-07i,2.99693532171027e-08-4.23197087054601e-08i
